	1-MS515F	2-MS515F	3-MS515F	38-MS515F	4-MS515F	40-MS515F	41-MS515F	42-MS515F	44-MS515F	46-MS515F	47-MS515F	48-MS515F	5-MS515F	50-MS515F	52-MS515F	53-MS515F	54-MS515F	56-MS515F	58-MS515F	59-MS515F	60-MS515F	62-MS515F	64-MS515F	65-MS515F	66-MS515F
Archaea ; Euryarchaeota ; Methanobacteria ; Methanobacteriales ; Methanobacteriaceae ; Methanobrevibacter ; Methanobrevibacter smithii	0	0	0.0436361369551	0	0.0790972368699	0	0	0	0	0	0	0	0	0.0388706772568	0.0076707705289	0.178765551395	0.0776222832201	0.0175541252194	0	0.267885111853	0.0232539052882	0	0	0	0
Bacteria ; Actinobacteria ; Actinobacteria ; Actinomycetales ; Actinomycetaceae ; Actinobaculum ; Actinobaculum sp	0	0.0035829879731	0	0	0	0	0	0	0	0	0	0	0	0	0	0	0	0	0	0	0	0	0	0	0
Bacteria ; Actinobacteria ; Actinobacteria ; Actinomycetales ; Actinomycetaceae ; Actinomyces ; Actinomyces sp	0.0236837498584	0.0238865864874	0.0545451711939	0	0.0500949166842	0	0.00373836434099	0	0.00197720285113	0	0	0	0.0425393134155	0.00259137848378	0.00287653894834	0.0157023795144	0	0.00195045835771	0	0.0140423647342	0	0	0	0.0168185003504	0
Bacteria ; Actinobacteria ; Actinobacteria ; Actinomycetales ; Actinomycetaceae ; Varibaculum ; Varibaculum cambriense	0.028832391132	0	0	0.0072202166065	0	0.0171716400824	0.011215093023	0	0	0	0	0	0	0	0	0	0	0	0	0	0	0	0	0	0
Bacteria ; Actinobacteria ; Actinobacteria ; Bifidobacteriales ; Bifidobacteriaceae ; Bifidobacterium ; Bifidobacterium adolescentis	1.19551450372	1.60637294127	0.659217354715	25.2129963899	2.73017295929	1.55498740746	2.84364914205	7.99432903188	38.3300544719	2.15007722539	4.98010724788	15.3658742915	0.927357032457	7.62772256702	1.25800636674	2.55586423481	14.8843540476	44.0433001755	1.42047150104	3.10336260626	4.40319536016	29.7049612377	2.1628146272	7.9985984583	6.40083640694
Bacteria ; Actinobacteria ; Actinobacteria ; Bifidobacteriales ; Bifidobacteriaceae ; Bifidobacterium ; Bifidobacterium bifidum	0	0.175566410682	0.0810385400595	0.00120336943442	0.126555578992	0	0	0	1.55210423813	0.223265487132	0.553537450268	0.434819389223	0.0723168328063	1.61054172767	0.106431941088	0.334581471192	0.341988030419	0.531499902477	0.12533572068	0.234399472871	0.117637403223	2.49259836052	0.10883330695	0.333566923616	0.130688583626
Bacteria ; Actinobacteria ; Actinobacteria ; Bifidobacteriales ; Bifidobacteriaceae ; Bifidobacterium ; Bifidobacterium dentium	0.00411891301885	0.00836030527058	0.0124674677015	0.00361010830325	0.0118645855305	0.00381592001832	0.001246121447	0.0549736705052	0.174982452325	0.0152921566529	0.0207576543851	0.108281871246	0.0297775193908	0.117907721012	0.0997200168757	1.71035149173	23.4340548081	0.0351082504389	0.053715308863	0.0702118236711	1.70984597707	0.540790306847	0.23745448789	3.97757533287	21.4997241019
Bacteria ; Actinobacteria ; Actinobacteria ; Bifidobacteriales ; Bifidobacteriaceae ; Bifidobacterium ; Bifidobacterium pseudocatenulatum	0.0102972825471	0.0418015263529	0.0311686692537	0.125150421179	0.0435034802784	0.00953980004579	0.0199379431519	0.0679937503617	0.29855763052	0.042818038628	0.0691921812835	0.307926571356	0.0680629014648	0.257842159137	0.0115061557933	0.0760961468776	0.398236061738	0.128730251609	0.0179051029543	0.0129621828316	0.0779689765546	0.594698201359	0.146430267532	0.361597757533	0.238143641274
Bacteria ; Actinobacteria ; Actinobacteria ; Bifidobacteriales ; Bifidobacteriaceae ; Bifidobacterium ; Bifidobacterium sp	0	0	0	0.00601684717208	0.00131828728116	0	0	0.00144667553961	0.00889741283007	0	0	0	0	0	0	0	0	0.00780183343086	0	0	0.00136787678166	0	0	0	0
Bacteria ; Actinobacteria ; Actinobacteria ; Micrococcales ; Microbacteriaceae ; Curtobacterium ; Curtobacterium sp	0	0	0	0	0	0	0	0	0	0	0	0	0	0	0	0	0	0	0	0	0	0	0.00593636219725	0	0
Bacteria ; Actinobacteria ; Actinobacteria ; Micrococcales ; Micrococcaceae ; Rothia ; Rothia sp	0.00205945650943	0.00238865864874	0	0	0.00659143640582	0	0	0	0	0	0.00345960906418	0	0.0155977482523	0	0	0.00362362604179	0.00112496062638	0	0	0.00540090951316	0.00136787678166	0.00256704259579	0.00989393699541	0.0140154169587	0
Bacteria ; Actinobacteria ; Actinobacteria ; Propionibacteriales ; Propionibacteriaceae ; Propionibacterium ; Propionibacterium sp	0.00102972825471	0.00238865864874	0.0436361369551	0.00120336943442	0.00922801096815	0	0.00373836434099	0	0.00197720285113	0	0.00518941359626	0	0	0.0427577449824	0.00383538526445	0.107500905907	0.0337488187913	0.00195045835771	0	0.0129621828316	0.00136787678166	0	0	0	0
Bacteria ; Actinobacteria ; Actinobacteria ; Unclassified ; Unclassified ; Unclassified ; Unclassified	0.0514864127357	0.205424643791	0	0.149217809868	0.00131828728116	0.0629626803022	0.0610599509028	0.0549736705052	0.278785602009	0.299726270396	0.128005535375	0.111665679723	0.0028359542277	0	0	0	0	0	0	0.00216036380526	0	0	0	0	0
Bacteria ; Actinobacteria ; Coriobacteriia ; Coriobacteriales ; Atopobiaceae ; Atopobium ; Atopobium rimae	0	0.00119432932437	0	0	0.00790972368699	0	0	0	0	0	0	0	0.00425393134155	0	0	0	0	0	0	0	0	0	0	0	0
Bacteria ; Actinobacteria ; Coriobacteriia ; Coriobacteriales ; Atopobiaceae ; Olsenella ; Olsenella sp	0.0164756520754	0.00119432932437	0.00311686692537	0.00481347773767	0.0145011600928	0.0171716400824	0.0249224289399	0.052080319426	0.00197720285113	0.0122337253223	0.00345960906418	0	0.0326134736185	0.036279298773	0.00287653894834	0.00483150138906	0.0371237006705	0.00780183343086	0	0.0129621828316	0.0136787678166	0.0308045111495	0.269115086275	0.0168185003504	0.00290419074725
Bacteria ; Actinobacteria ; Coriobacteriia ; Coriobacteriales ; Coriobacteriaceae ; Collinsella ; Collinsella aerofaciens	0.921606787969	0.767953755569	0.207271650537	9.10469314079	0.847658721789	4.09448217965	1.74581614724	5.75921532319	5.55989441737	1.71272154512	1.19010551808	8.29371457576	0.138961757157	2.92566630819	0.652974341273	0.0966300277811	3.778742744	2.57460503218	0.155177558938	0.334856389816	1.31452958717	0.223332705834	1.25059363622	0.120532585844	0.0609880056922
Bacteria ; Actinobacteria ; Coriobacteriia ; Coriobacteriales ; Coriobacteriaceae ; Collinsella ; Collinsella sp	0	0	0.0264933688656	0	0	0	0	0	0	0	0	0	0	0.34206195986	0.0354773136962	0.0483150138906	0.107996220132	0	0	0	0	0	0	0	0
Bacteria ; Actinobacteria ; Coriobacteriia ; Coriobacteriales ; Coriobacteriaceae ; Senegalimassilia ; Senegalimassilia anaerobia	0.19667809665	0	0	0.274368231047	0	0.284286041365	0.231778589141	0.386262369076	0	0	0	0	0	0	0	0	0	0	0	0	0	0	0	0	0
Bacteria ; Actinobacteria ; Coriobacteriia ; Coriobacteriales ; Unclassified ; Unclassified ; Unclassified	0.0226540216037	0	0.0685710723581	0.00601684717208	0.404714195317	0.0209875601007	0.0186918217049	0.00868005323766	0	0	0	0	0	0.024618095596	0.0364361600123	0.0917985263921	0.00562480313189	0.0380339379754	0.0417785735601	0.196593106279	0.0177823981616	0	0	0	0
Bacteria ; Actinobacteria ; Coriobacteriia ; Eggerthellales ; Eggerthellaceae ; Adlercreutzia ; Adlercreutzia equolifaciens	0.00308918476414	0.0394128677041	0.00311686692537	0	0.0290023201856	0.0133557200641	0.00249224289399	0.00434002661883	0.038555455597	0.0412888229627	0.079571008476	0.0389137974791	0.0113438169108	0.00259137848378	0.000958846316112	0	0	0.0253559586503	0.0119367353029	0.0550892770343	0.0232539052882	0.00941248951791	0.0712363463669	0.0182200420463	0.00290419074725
Bacteria ; Actinobacteria ; Coriobacteriia ; Eggerthellales ; Eggerthellaceae ; Eggerthella ; Eggerthella lenta	0	0	0.00779216731342	0	0	0	0	0.00723337769805	0.00395440570225	0.0244674506446	0	0.0101514254293	0	0.147708573576	0.0958846316112	0.0289890083343	0.353237636683	0	0	0	0.00273575356332	0.00256704259579	0.0138515117936	0	0.011616762989
Bacteria ; Actinobacteria ; Coriobacteriia ; Eggerthellales ; Eggerthellaceae ; Enterorhabdus ; Enterorhabdus mucosicola	0	0	0	0	0	0	0	0	0	0	0	0	0.0127617940246	0	0	0	0	0	0	0	0	0.00855680865264	0.023745448789	0.00840925017519	0.0058083814945
Bacteria ; Actinobacteria ; Coriobacteriia ; Eggerthellales ; Eggerthellaceae ; Gordonibacter ; Gordonibacter pamelaeae	0	0	0.0124674677015	0	0	0	0.00373836434099	0	0	0	0	0	0	0.0427577449824	0.0393126989606	0.0289890083343	0.110246141385	0	0	0.0032405457079	0.0136787678166	0	0	0	0
Bacteria ; Actinobacteria ; Coriobacteriia ; Eggerthellales ; Eggerthellaceae ; Slackia ; Slackia isoflavoniconvertens	0	0	0.0311686692537	0	0.14764817549	0	0	0	0	0	0	0	0	0.240998198992	0.319295823265	0.0253653822925	0.059622913198	0.259410961576	0.0835571471203	0.00756127331843	0.0341969195415	0	0	0	0
Bacteria ; Actinobacteria ; Coriobacteriia ; Eggerthellales ; Eggerthellaceae ; Slackia ; Slackia sp	0	0.0203035985143	0	0	0	0	0	0	0.00988601425563	0.211031761809	0.019027849853	0.0524490313848	0	0	0	0	0	0	0	0	0	0	0	0	0
Bacteria ; Actinobacteria ; Unclassified ; Unclassified ; Unclassified ; Unclassified ; Unclassified	0.00411891301885	0.181538057304	0	0.00240673886883	0.00922801096815	0	0.00872285012897	0	0.0622818898105	0.102457449574	0.216225566511	0.030454276288	0.0311954965047	0	0	0	0	0	0	0.0129621828316	0	0.00342272346106	0.00791514959633	0.0168185003504	0
Bacteria ; Bacteroidetes ; Bacteroidia ; Bacteroidales ; Bacteroidaceae ; Anaerorhabdus ; Anaerorhabdus furcosa	0.00411891301885	0	0	0	0.00395486184349	0	0.00623060723498	0.00289335107922	0	0	0.00345960906418	0	0	0	0	0	0	0	0	0	0	0	0	0	0
Bacteria ; Bacteroidetes ; Bacteroidia ; Bacteroidales ; Bacteroidaceae ; Bacteroides ; Bacteroides caccae	0.120478205801	0.326051905552	0.059220471582	0.202166064982	0.179287070238	0.0267114401282	0.17819536692	0.00144667553961	0.335135883266	0.359365681342	0.612350804359	0.174266136537	0.0326134736185	0.0919939361743	0.0316419284317	0.152192293755	0.154119605814	0.103374292959	0.131304088332	0.410469123	0.0984871282795	0.0213920216316	0.0455121101789	0.0280308339173	0.0203293352307
Bacteria ; Bacteroidetes ; Bacteroidia ; Bacteroidales ; Bacteroidaceae ; Bacteroides ; Bacteroides caecicola	0	0	0	0	0	0	0	0	0	0	0	0	0.085078626831	0	0	0	0	0	0	0	0	0.0624647031643	0.0593636219725	0.14576033637	0.0929341039119
Bacteria ; Bacteroidetes ; Bacteroidia ; Bacteroidales ; Bacteroidaceae ; Bacteroides ; Bacteroides clarus	0.0391296736791	0	0.0264933688656	0.0565583634176	0	0	0.0610599509028	0	0	0	0.00172980453209	0	0	0.0349836095311	0.0115061557933	0.0688488947941	0.0348737794177	0	0	0	0	0	0	0	0
Bacteria ; Bacteroidetes ; Bacteroidia ; Bacteroidales ; Bacteroidaceae ; Bacteroides ; Bacteroides coprocola	0.0998836407072	0	1.36207084639	0.26714801444	0.00263657456233	0.0209875601007	0.441126992237	0.151900931659	0.00197720285113	0	0	0	0.107766260653	1.45635470789	0.277106585356	1.90844304868	1.27345542906	0	0	0	0	0.11380555508	0.049469684977	0.093903293623	0.0522754334505
Bacteria ; Bacteroidetes ; Bacteroidia ; Bacteroidales ; Bacteroidaceae ; Bacteroides ; Bacteroides eggerthii	0	0.00119432932437	0.0545451711939	0	0	0	0	0	0	0	0	0	0	0.0349836095311	0.0182180800061	0.146152917019	0.0866219682311	0	0	0	0	0	0	0	0
Bacteria ; Bacteroidetes ; Bacteroidia ; Bacteroidales ; Bacteroidaceae ; Bacteroides ; Bacteroides nordii	0	0.00955463459494	0.00155843346268	0.00120336943442	0.0145011600928	0	0.001246121447	0	0.00889741283007	0.00611686266114	0.0121086317246	0	0.0028359542277	0.00259137848378	0.00671192421279	0	0.00224992125276	0.0175541252194	0.0298418382572	0.0399667303974	0.0150466445983	0.00256704259579	0.00197878739908	0	0
Bacteria ; Bacteroidetes ; Bacteroidia ; Bacteroidales ; Bacteroidaceae ; Bacteroides ; Bacteroides plebeius	0	0.162428788114	0	0	0	0	0	0	0.0771109111939	0.154450782194	0.330392665629	0.192877083157	0	0	0	0	0	0	0	0	0	0	0	0	0
Bacteria ; Bacteroidetes ; Bacteroidia ; Bacteroidales ; Bacteroidaceae ; Bacteroides ; Bacteroides sp	0.524131681649	9.60121343859	4.50543114062	0.764139590854	3.45654925121	0.228955201099	0.968236364316	0.426769284185	6.14020345417	2.29688192926	11.9166234216	3.84569833347	1.13721764531	6.66502546029	2.65312775668	6.38724483633	5.16244431445	1.88316754437	2.73948075201	4.38769888849	1.98752496375	0.607533414338	1.40691784075	0.861948142957	0.293323265472
Bacteria ; Bacteroidetes ; Bacteroidia ; Bacteroidales ; Bacteroidaceae ; Bacteroides ; Bacteroides stercoris	0.0278026628773	0	0.254024654417	0.057761732852	0	0.00190796000916	0.0797517726078	0.0361668884902	0	0	0	0	0	0.251363712927	0.03451846738	0.684865321899	0.188993385232	0	0	0.00108018190263	0	0.00855680865264	0	0.0238262088297	0.011616762989
Bacteria ; Bacteroidetes ; Bacteroidia ; Bacteroidales ; Bacteroidaceae ; Bacteroides ; Bacteroides thetaiotaomicron	0.014416195566	0.0370242090554	0.0607789050446	0.0493381468111	0.0250474583421	0.00763184003663	0.0872285012897	0.0130200798565	0.0326238470436	0.00611686266114	0.039785504238	0.00507571271466	0.140379734271	0.0570103266433	0.0632838568634	0.121995410074	0.115870944517	0.027306417008	0.0716204118174	0.0658910960606	0.0109430142533	0.114661235945	0.0197878739908	0.00140154169587	0.0609880056922
Bacteria ; Bacteroidetes ; Bacteroidia ; Bacteroidales ; Bacteroidaceae ; Bacteroides ; Bacteroides uniformis	0.140043042641	1.32689987937	0.587529415432	0.138387484958	1.12318076355	0.0629626803022	0.169472516791	0.105607314392	0.908524710093	0.691205480709	1.58623075592	0.375602740885	0.0141797711385	0.457378302388	0.260806197983	0.893827756975	0.544480943167	0.449580651453	0.346165323784	1.37615174395	0.410363034498	0.0299488302843	0.00989393699541	0.0238262088297	0.0058083814945
Bacteria ; Bacteroidetes ; Bacteroidia ; Bacteroidales ; Porphyromonadaceae ; Barnesiella ; Barnesiella intestinihominis	0.0411891301885	0.0847973820301	0.00467530038805	0.0493381468111	0.0540497785277	0.0114477600549	0.125858266147	0.0303801863318	0.0415212598737	0.00611686266114	0.112437294586	0.00507571271466	0	0.00259137848378	0	0.00483150138906	0.00112496062638	0.0126779793251	0	0.170668740616	0.00957513747162	0	0	0	0
Bacteria ; Bacteroidetes ; Bacteroidia ; Bacteroidales ; Porphyromonadaceae ; Barnesiella ; Barnesiella viscericola	0	0	0	0	0.015819447374	0	0	0	0	0	0	0	0	0	0	0	0	0.0165788960406	0	0.085334370308	0.00957513747162	0	0	0	0
Bacteria ; Bacteroidetes ; Bacteroidia ; Bacteroidales ; Porphyromonadaceae ; Butyricimonas ; Butyricimonas paravirosa	0.0164756520754	0.035829879731	0.00779216731342	0.00361010830325	0.0118645855305	0	0.013707335917	0.00289335107922	0.0128518185323	0	0.0415153087701	0	0.01843370248	0.00259137848378	0	0.0120787534726	0	0	0	0.0108018190263	0	0.00171136173053	0	0.00560616678346	0
Bacteria ; Bacteroidetes ; Bacteroidia ; Bacteroidales ; Porphyromonadaceae ; Butyricimonas ; Butyricimonas virosa	0	0	0	0	0.00263657456233	0	0	0	0	0	0	0	0	0	0	0	0	0	0	0.00216036380526	0	0	0	0	0
Bacteria ; Bacteroidetes ; Bacteroidia ; Bacteroidales ; Porphyromonadaceae ; Coprobacter ; Coprobacter fastidiosus	0.00205945650943	0	0	0.00481347773767	0	0	0.011215093023	0.00289335107922	0	0	0.00864902266044	0	0	0	0	0.00483150138906	0	0	0	0.00216036380526	0.00273575356332	0	0	0	0
Bacteria ; Bacteroidetes ; Bacteroidia ; Bacteroidales ; Porphyromonadaceae ; Coprobacter ; Coprobacter secundus	0	0.00477731729747	0	0	0	0	0.00623060723498	0.00144667553961	0.00494300712782	0	0.0103788271925	0	0	0	0	0	0	0	0	0	0	0	0	0	0
Bacteria ; Bacteroidetes ; Bacteroidia ; Bacteroidales ; Porphyromonadaceae ; Odoribacter ; Odoribacter splanchnicus	0.0319215758961	0.108683968517	0.0467530038805	0.0192539109507	0.0711875131829	0	0.0461064935389	0.0101267287773	0.0494300712782	0.00458764699586	0.159142016952	0.00676761695288	0.028359542277	0.0427577449824	0	0.109916656601	0.0146244881429	0.0380339379754	0	0.172829104421	0.0191502749432	0.00770112778738	0.00593636219725	0.0224246671338	0
Bacteria ; Bacteroidetes ; Bacteroidia ; Bacteroidales ; Porphyromonadaceae ; Paludibacter ; Paludibacter sp	0.332602226272	0.3774080665	0.0748048062088	0.0878459687124	0.295296350981	0.0705945203389	0.21557901033	0.0636537237428	0.0978715411308	0.103986665239	0.202387130254	0.0439895101937	0	0.011661203177	0.0105473094772	0.0314047590289	0.00899968501102	0.0702165008777	0.0656520441659	0.254922929021	0.0588187016114	0	0	0	0
Bacteria ; Bacteroidetes ; Bacteroidia ; Bacteroidales ; Porphyromonadaceae ; Parabacteroides ; Parabacteroides distasonis	0.0895863581601	0.33918952812	0.219739118238	0.0613718411552	0.330890107572	0.0286194001374	0.152026816534	0.0274868352526	0.265933783477	0.16209686052	0.475696246324	0.0981304458168	0.0978404208556	0.17103097993	0.34039044222	0.272979828482	0.23286684966	0.117027501463	0.119367353029	0.459077308619	0.0943834979345	0.0325158728801	0.0890454329587	0.0364400840925	0
Bacteria ; Bacteroidetes ; Bacteroidia ; Bacteroidales ; Porphyromonadaceae ; Parabacteroides ; Parabacteroides merdae	0.0741404343394	0.0991293339225	0.419218601462	0.121540312876	0.348027842227	0.047699000229	0.233024710588	0.0896938834558	0.0998487439819	0.125395684553	0.16606123508	0.0253785635733	0.0297775193908	0.419803314373	0.260806197983	0.31767121633	0.254241101561	0.112151355569	0.185019397195	0.30353111464	0.103958635406	0.0136908938442	0.0158302991927	0.0280308339173	0.011616762989
Bacteria ; Bacteroidetes ; Bacteroidia ; Bacteroidales ; Porphyromonadaceae ; Tannerella ; Tannerella sp	0	0.00238865864874	0	0.0156438026474	0	0	0.013707335917	0.00723337769805	0.0128518185323	0	0.0242172634492	0.00676761695288	0	0	0	0	0	0.00487614589429	0	0.0194432742474	0.00273575356332	0	0	0	0
Bacteria ; Bacteroidetes ; Bacteroidia ; Bacteroidales ; Prevotellaceae ; Prevotella ; Prevotella bivia	0	0	0	0.00240673886883	0	0	0	0	0	0	0	0	0	0	0	0	0	0	0	0	0	0	0	0	0
Bacteria ; Bacteroidetes ; Bacteroidia ; Bacteroidales ; Prevotellaceae ; Prevotella ; Prevotella copri	1.70625971806	0	0	4.42358604091	0.00263657456233	0.244218881172	2.95081558649	6.33209883687	0.00395440570225	0.0183505879834	0.00691921812835	0	29.4130992726	0	0	0.0120787534726	0.00337488187913	0.00195045835771	0.161145926589	0.00216036380526	0	33.6830215803	1.10020579389	29.442186405	19.6729881219
Bacteria ; Bacteroidetes ; Bacteroidia ; Bacteroidales ; Prevotellaceae ; Prevotella ; Prevotella corporis	0	0	0	0.00240673886883	0	0	0.00249224289399	0	0	0	0	0	0	0	0	0	0	0	0	0	0	0	0	0	0
Bacteria ; Bacteroidetes ; Bacteroidia ; Bacteroidales ; Prevotellaceae ; Prevotella ; Prevotella sp	0.128716031839	0	0	0.223826714801	0	0.0248034801191	0.209348403095	0.243041490654	0	0	0.00172980453209	0	1.47044226706	0	0	0	0.00112496062638	0.000975229178857	0	0	0	0.618657265586	0.292860535064	1.25858444289	0.673772253362
Bacteria ; Bacteroidetes ; Bacteroidia ; Bacteroidales ; Rikenellaceae ; Alistipes ; Alistipes finegoldii	0.0483972279715	0.200647326494	0.0483114373432	0.0505415162455	1.21414258595	0.00381592001832	0.0660444366908	0.0303801863318	0.114677765365	0.00458764699586	0.233523611832	0.0558328398613	0.0155977482523	0.0388706772568	0.00191769263222	0.0712646454886	0.0269990550331	0.44372927638	0.0238734706058	1.353467924	0.180559735179	0.000855680865264	0.00395757479816	0.00981079187106	0
Bacteria ; Bacteroidetes ; Bacteroidia ; Bacteroidales ; Rikenellaceae ; Alistipes ; Alistipes indistinctus	0.0422188584433	0	0	0.028880866426	0	0	0.0697828010318	0.0144667553961	0.00197720285113	0	0	0	0	0	0.00287653894834	0	0	0	0	0	0	0	0	0	0
Bacteria ; Bacteroidetes ; Bacteroidia ; Bacteroidales ; Rikenellaceae ; Alistipes ; Alistipes inops	0	0	0	0	0.00922801096815	0	0	0	0	0	0	0	0	0	0	0	0	0.00195045835771	0	0.0140423647342	0	0	0	0	0
Bacteria ; Bacteroidetes ; Bacteroidia ; Bacteroidales ; Rikenellaceae ; Alistipes ; Alistipes massiliensis	0.0113270108018	0	0	0.0108303249097	0.00263657456233	0	0.0224301860459	0.00434002661883	0	0	0	0	0	0	0	0	0	0.00292568753657	0	0.00648109141579	0.00136787678166	0	0	0	0
Bacteria ; Bacteroidetes ; Bacteroidia ; Bacteroidales ; Rikenellaceae ; Alistipes ; Alistipes obesi	0.007208097783	0.0143319518924	0.0327271027163	0.00120336943442	0.0316388947479	0	0.00747672868198	0	0	0	0.0121086317246	0	0.0028359542277	0.0194353386284	0.00191769263222	0.0289890083343	0.0191243306484	0.00877706260971	0	0.0410469123	0.0109430142533	0.00171136173053	0	0	0
Bacteria ; Bacteroidetes ; Bacteroidia ; Bacteroidales ; Rikenellaceae ; Alistipes ; Alistipes onderdonkii	0.00308918476414	0.022692257163	0.00155843346268	0	0.00131828728116	0	0.00249224289399	0.00144667553961	0.0108746156812	0.00152921566529	0.0207576543851	0.0186109466204	0	0.00259137848378	0	0.00120787534726	0.00112496062638	0.000975229178857	0	0	0	0	0	0	0
Bacteria ; Bacteroidetes ; Bacteroidia ; Bacteroidales ; Rikenellaceae ; Alistipes ; Alistipes shahii	0	0	0.00155843346268	0	0	0	0	0	0	0	0	0	0	0	0.000958846316112	0.00120787534726	0	0	0	0.00216036380526	0.00136787678166	0	0	0	0
Bacteria ; Bacteroidetes ; Bacteroidia ; Bacteroidales ; Rikenellaceae ; Alistipes ; Alistipes sp	0.325394128489	0.348744162715	0.0670126388954	0.173285198556	0.287386627294	0.0190796000916	0.306545875961	0.085353856837	0.109734758238	0.0229382349793	0.295796574987	0.0456814144319	0.00141797711385	0.0349836095311	0.00479423158056	0.250030196884	0.0584979525717	0.0643651258046	0.0298418382572	0.480680946671	0.0424041802314	0.000855680865264	0.00197878739908	0.0042046250876	0
Bacteria ; Bacteroidetes ; Bacteroidia ; Bacteroidales ; Rikenellaceae ; Alistipes ; Candidatus Alistipes marseilloanorexicus	0.00102972825471	0.00836030527058	0.00467530038805	0	0	0	0.001246121447	0	0.000988601425563	0	0	0.00507571271466	0	0	0.00287653894834	0.00362362604179	0	0	0	0.00108018190263	0	0	0	0.00280308339173	0
Bacteria ; Bacteroidetes ; Bacteroidia ; Bacteroidales ; Unclassified ; Unclassified ; Unclassified	0	0.0895746993276	0	0	0	0	0	0	0.0553616798315	0.0137629409876	0.39785504238	0.0287623720497	0.0779887412617	0	0	0.00120787534726	0.00112496062638	0	0	0	0	0.0547635753769	0.0217666613899	0.0896986685354	0.121976011384
Bacteria ; Firmicutes ; Bacilli ; Bacillales ; Bacillaceae ; Bacillus ; Bacillus sp	0.00205945650943	0	0	0	0	0	0.00623060723498	0	0.00395440570225	0	0.00345960906418	0	0	0	0	0.00603937673632	0	0	0	0	0	0	0	0	0
Bacteria ; Firmicutes ; Bacilli ; Bacillales ; Unclassified ; Dehalobacterium ; Dehalobacterium sp	0	0.00119432932437	0	0	0	0	0.00498448578798	0.00289335107922	0	0.00152921566529	0	0	0	0.00259137848378	0	0	0	0	0	0	0	0	0	0	0
Bacteria ; Firmicutes ; Bacilli ; Bacillales ; Unclassified ; Gemella ; Gemella sp	0.007208097783	0.0035829879731	0.0124674677015	0	0.00790972368699	0	0	0	0	0	0.00345960906418	0	0.0085078626831	0	0	0.00724725208358	0	0	0	0	0	0	0	0.00280308339173	0
Bacteria ; Firmicutes ; Bacilli ; Lactobacillales ; Enterococcaceae ; Enterococcus ; Enterococcus casseliflavus	0	0	0	0.00240673886883	0	0	0	0	0	0	0	0	0	0	0	0	0.00224992125276	0	0	0	0	0	0	0	0
Bacteria ; Firmicutes ; Bacilli ; Lactobacillales ; Enterococcaceae ; Enterococcus ; Enterococcus faecalis	0.00308918476414	0.00238865864874	0.00155843346268	0.00240673886883	0.0118645855305	0	0	0	0.015817622809	0.00305843133057	0.00345960906418	0.00507571271466	0.0028359542277	4.40923049016	0.00671192421279	0.00966300277811	0.00337488187913	0.0195045835771	0.0417785735601	0.0183630923448	0.00273575356332	0.00256704259579	0.00593636219725	0.0042046250876	0
Bacteria ; Firmicutes ; Bacilli ; Lactobacillales ; Enterococcaceae ; Enterococcus ; Enterococcus faecium	0	0	0	0	0	0	0	0	0.000988601425563	0	0	0	0	0.0777413545135	0	0	0	0	0	0	0	0	0	0	0
Bacteria ; Firmicutes ; Bacilli ; Lactobacillales ; Lactobacillaceae ; Lactobacillus ; Lactobacillus casei	0.254342878914	0	0	0.199759326113	0.00131828728116	0.118293520568	0.168226395344	0.085353856837	0	0	0	0	0	0	0	0	0	0.00195045835771	0	0	0	0.0402170006674	0	0.00280308339173	0
Bacteria ; Firmicutes ; Bacilli ; Lactobacillales ; Lactobacillaceae ; Lactobacillus ; Lactobacillus delbrueckii	0	0	0	0	0	0	0	0	0	0	0	0	0	3.55148421203	0	0	0	0	0	0	0	0	0	0	0
Bacteria ; Firmicutes ; Bacilli ; Lactobacillales ; Lactobacillaceae ; Lactobacillus ; Lactobacillus fermentum	0	0	0	0.00361010830325	0	0	0	0	0	0	0	0	0	0	0	0	0.00224992125276	0	0	0	0	6.69484708983	0.00395757479816	0.116327960757	0
Bacteria ; Firmicutes ; Bacilli ; Lactobacillales ; Lactobacillaceae ; Lactobacillus ; Lactobacillus fuchuensis	0.0751701625941	0	0.0109090342388	0.0252707581227	0.00263657456233	0.0438830802106	0	0.0115734043169	0.000988601425563	0	0	0	0	0.00518275696757	0.00383538526445	0.00603937673632	0	0	0	0	0	0.379922304177	0	0.0224246671338	0
Bacteria ; Firmicutes ; Bacilli ; Lactobacillales ; Lactobacillaceae ; Lactobacillus ; Lactobacillus gasseri	0	0	0	0	0.00131828728116	0	0	0	0	0	0	0	0	0	0.00287653894834	0	0	0.00487614589429	0	0.128541646413	0	0.00171136173053	0	0.00981079187106	0
Bacteria ; Firmicutes ; Bacilli ; Lactobacillales ; Lactobacillaceae ; Lactobacillus ; Lactobacillus reuteri	0	0	0	0	0	0	0	0	0	0	0	0	0	0.00518275696757	0	0	0	0	0	0	0	0	0	0	0
Bacteria ; Firmicutes ; Bacilli ; Lactobacillales ; Lactobacillaceae ; Lactobacillus ; Lactobacillus ruminis	0.00205945650943	0.0573278075697	0	0	0	0.00190796000916	0	0	7.2474370508	0.00764607832643	0.058813354091	0.0507571271466	0.00425393134155	0	0	0	0	0	0	0	0	0.0119795321137	0.00395757479816	0.570427470217	0.00871257224174
Bacteria ; Firmicutes ; Bacilli ; Lactobacillales ; Lactobacillaceae ; Lactobacillus ; Lactobacillus sp	0	0	0	0	0	0	0	0	0	0	0	0	0.350240347121	0.0103655139351	0	0	0	0	0	0	0.00273575356332	0.660585627984	10.9070761437	0.3728100911	2.45984956292
Bacteria ; Firmicutes ; Bacilli ; Lactobacillales ; Leuconostocaceae ; Leuconostoc ; Leuconostoc mesenteroides	0.00617836952828	0	0.00311686692537	0	0.00263657456233	0	0.00498448578798	0	0	0	0	0	0	0	0	0.00362362604179	0	0	0.0119367353029	0.0032405457079	0	0	0	0	0
Bacteria ; Firmicutes ; Bacilli ; Lactobacillales ; Leuconostocaceae ; Weissella ; Weissella confusa	0	0.0155262812168	0	0	0	0	0	0	0.00197720285113	0.00764607832643	0.0155682407888	0	0	0.00518275696757	0	0	0	0	0	0	0	0	0	0	0
Bacteria ; Firmicutes ; Bacilli ; Lactobacillales ; Leuconostocaceae ; Weissella ; Weissella viridescens	0.0617836952828	0	0	0.0120336943442	0	0.0438830802106	0.0947052299717	0.0173601064753	0	0	0	0	0	0	0	0	0	0	0	0	0	0	0	0	0
Bacteria ; Firmicutes ; Bacilli ; Lactobacillales ; Streptococcaceae ; Lactococcus ; Lactococcus lactis	0.0350107606603	0	0.0514283042685	0.00601684717208	0.0184560219363	0.0343432801648	0.013707335917	0	0	0.00305843133057	0	0	0.0297775193908	0.00647844620946	0.144785793733	0.0531465152796	0.00562480313189	0	0.238734706058	0.0108018190263	0	0	0.0178090865917	0.00840925017519	0
Bacteria ; Firmicutes ; Bacilli ; Lactobacillales ; Streptococcaceae ; Streptococcus ; Streptococcus anginosus	0.0195648368396	0.00238865864874	0.00155843346268	0.0192539109507	0.00527314912466	0.00572388002747	0.00872285012897	0.00578670215844	0.00296580427669	0.00152921566529	0.00172980453209	0	0.0028359542277	0.00647844620946	0	0.00241575069453	0	0.000975229178857	0	0.00540090951316	0	0	0.00197878739908	0.0042046250876	0
Bacteria ; Firmicutes ; Bacilli ; Lactobacillales ; Streptococcaceae ; Streptococcus ; Streptococcus mutans	0	0	0.00311686692537	0	0	0	0	0	0	0	0	0	0.00425393134155	0	0	0	0	0	0	0	0	0	0	0	0
Bacteria ; Firmicutes ; Bacilli ; Lactobacillales ; Streptococcaceae ; Streptococcus ; Streptococcus sp	0.255372607169	0.0501618316235	0.331946327552	0.028880866426	0.424488504535	0.083950240403	0.189410459943	0.0173601064753	0.00988601425563	0.0152921566529	0.0415153087701	0.00338380847644	1.7710534152	11.2284429702	0.050818854754	0.272979828482	0.0224992125276	0.0516871464794	0.131304088332	0.327295116498	0.0232539052882	0.041928362398	0.328478708248	1.21513665032	0.0435628612087
Bacteria ; Firmicutes ; Bacilli ; Lactobacillales ; Streptococcaceae ; Streptococcus ; Streptococcus thermophilus	0	0	0	0	0	0	0	0	0	0	0	0	0	0.04794050195	0	0	0	0	0	0	0	0	0	0	0
Bacteria ; Firmicutes ; Bacilli ; Unclassified ; Unclassified ; Unclassified ; Unclassified	0	0	0.0093506007761	0	0	0	0	0	0	0	0	0	0	0.00518275696757	0.00287653894834	0.0241575069453	0.00674976375827	0	0	0	0	0	0	0	0
Bacteria ; Firmicutes ; Clostridia ; Clostridiales ; Christensenellaceae ; Christensenella ; Christensenella minuta	0.00514864127357	0	0.00467530038805	0	0	0	0	0.00144667553961	0	0	0	0	0	0	0.00191769263222	0	0	0	0	0	0	0	0	0	0
Bacteria ; Firmicutes ; Clostridia ; Clostridiales ; Clostridiaceae ; Clostridium ; Clostridium moniliforme	0	0	0	0	0	0	0	0	0	0.00152921566529	0	0	0	2.35945010949	0	0	0	0	0	0	0	0	0	0	0
Bacteria ; Firmicutes ; Clostridia ; Clostridiales ; Clostridiaceae ; Clostridium ; Clostridium paraputrificum	0	0	0	0	0.00131828728116	0	0	0	0	0	0	0	0	0	0	0	0	0	0	0.00216036380526	0	0	0	0	0
Bacteria ; Firmicutes ; Clostridia ; Clostridiales ; Clostridiaceae ; Clostridium ; Clostridium perfringens	0	0	0	0	0	0	0	0	0	0	0	0	0	0.26043353762	0	0	0	0.0117027501463	0	0.00108018190263	0	0	0	0	0
Bacteria ; Firmicutes ; Clostridia ; Clostridiales ; Clostridiaceae ; Clostridium ; Clostridium sp	0.279056357027	0.88858101733	1.0566178877	0.163658243081	0.897753638473	0.0686865603297	0.462311056836	0.0983739366935	0.346010498947	8.01461930176	0.873551288704	1.00160730903	0.718914396722	0.325217999715	1.82276684693	1.05447517816	0.479233226837	0.216500877706	2.50074604596	1.31026064789	0.374798238175	0.138620300173	0.833069495013	0.540995094604	0.174251444835
Bacteria ; Firmicutes ; Clostridia ; Clostridiales ; Clostridiaceae ; Unclassified ; Unclassified	0.0154459238207	0	0.0701295058207	0.00601684717208	0.0408669057161	0.00763184003663	0.0236763074929	0.00434002661883	0	0	0	0	0.0113438169108	0.0155482709027	0.0230123115867	0.0845512743085	0.0101246456374	0.00780183343086	0.0119367353029	0.0540090951316	0.0068393839083	0.00342272346106	0.00395757479816	0.0042046250876	0
Bacteria ; Firmicutes ; Clostridia ; Clostridiales ; Clostridiales Family XIII Incertae Sedis ; Anaerovorax ; Anaerovorax sp	0.0350107606603	0.090769028652	0.0249349354029	0.0240673886883	0.0461400548408	0	0.0211840645989	0.0115734043169	0.0207606299368	0.0244674506446	0.0674623767514	0.00338380847644	0.0141797711385	0.00906982469325	0.00862961684501	0.0253653822925	0.00337488187913	0.00390091671543	0	0.0259243656632	0	0.00513408519159	0	0.0224246671338	0
Bacteria ; Firmicutes ; Clostridia ; Clostridiales ; Clostridiales Family XIII Incertae Sedis ; Mogibacterium ; Mogibacterium sp	0.00411891301885	0.00238865864874	0.00467530038805	0	0.00395486184349	0	0	0	0	0	0	0	0	0	0	0.00241575069453	0	0	0	0	0	0	0	0.00280308339173	0
Bacteria ; Firmicutes ; Clostridia ; Clostridiales ; Eubacteriaceae ; Alkalibacter ; Alkalibacter sp	0.0102972825471	0.00238865864874	0	0.00240673886883	0	0	0.00498448578798	0.00434002661883	0.00197720285113	0.00305843133057	0	0	0	0	0	0	0	0	0	0	0	0	0	0	0
Bacteria ; Firmicutes ; Clostridia ; Clostridiales ; Eubacteriaceae ; Anaerofustis ; Anaerofustis sp	0.00411891301885	0	0	0	0	0.00953980004579	0	0.00289335107922	0	0.0367011759668	0.00691921812835	0.0287623720497	0.0028359542277	0	0	0.00241575069453	0	0	0	0	0.00410363034498	0	0	0	0.00290419074725
Bacteria ; Firmicutes ; Clostridia ; Clostridiales ; Eubacteriaceae ; Eubacterium ; Eubacterium coprostanoligenes	0	0	0	0	0.320343809323	0	0	0	0	0	0	0	0	0	0	0	0	0.027306417008	0.0596836765145	0.489322401892	0.0383005498865	0	0	0	0
Bacteria ; Firmicutes ; Clostridia ; Clostridiales ; Eubacteriaceae ; Eubacterium ; Eubacterium eligens	0.41498048665	0.475343071098	1.46336902146	0.152827918171	0.199061379456	0.171716400824	0.629291330733	0.565650135988	0.20266329224	0.191151958161	1.01020584674	0.135352339058	0.282177445656	0.423690382099	0.229164269551	2.19350163063	0.58385456509	0.113126584747	0.0954938824232	0.408308759195	0.419938171969	0.0795783204696	0.0435333227798	0.351786965662	0.188772398571
Bacteria ; Firmicutes ; Clostridia ; Clostridiales ; Eubacteriaceae ; Eubacterium ; Eubacterium hallii	0.0123567390566	0.0895746993276	0.0654542054327	0.120336943442	0.0672326513394	0.00572388002747	0.0872285012897	0.271975001447	0.510118335591	0.0489349012891	0.337311883757	0.267320869639	0.0382853820739	1.24386167222	0.0220534652706	0.486773764947	0.211492597759	0.184318314804	0.0238734706058	0.204154379598	0.175088228052	0.0539078945117	0.023745448789	0.0967063770147	0.589550721691
Bacteria ; Firmicutes ; Clostridia ; Clostridiales ; Eubacteriaceae ; Eubacterium ; Eubacterium ramulus	0.77332591929	0.24603184082	0.97557934764	0.197352587244	0.313752372917	0.0190796000916	0.4772645142	0.134540825184	0.0523958755549	0.0259966663098	0.160871821484	0.121817105152	1.21095245523	0.7670480312	0.20711080428	0.712646454886	0.784097556586	0.14530914765	0.32826022083	0.260323838534	0.359751593576	0.268683791693	0.373990818426	0.761037140855	1.67571806116
Bacteria ; Firmicutes ; Clostridia ; Clostridiales ; Eubacteriaceae ; Eubacterium ; Eubacterium sp	0.891744668582	0.00119432932437	0.0171427680895	0.718411552347	1.90097025944	0.217507441044	0.570723622724	0.870898674845	0.00395440570225	0.00152921566529	0.0155682407888	0.00507571271466	5.41383662068	0.261729226862	0.00287653894834	0.0833433989612	0.0528731494398	0.959625511995	0.244703073709	1.48957084373	4.09405520751	1.30833604299	1.0843754947	4.05886475123	1.67571806116
Bacteria ; Firmicutes ; Clostridia ; Clostridiales ; Lachnospiraceae ; Agathobacter ; Agathobacter rectalis	34.8954310957	1.8822630152	3.84777221937	11.623345367	29.2672959291	22.6875524689	40.7868010816	15.6718361206	0.22737832788	0.178918232838	2.14495761979	1.7528127908	5.92572635878	0.802031640731	0.208069650596	2.90614808552	0.575979840706	18.8901891945	6.37421665175	32.6322952785	31.5569173529	0.770112778738	0.734130125059	5.56131744919	3.94389103476
Bacteria ; Firmicutes ; Clostridia ; Clostridiales ; Lachnospiraceae ; Anaerostipes ; Anaerostipes hadrus	0.028832391132	0.315302941633	2.2425857528	0.0469314079422	0.216199114111	0	0.0286607932809	0.0376135640299	0.159164829516	0.0810484302601	0.254281266217	0.328229422215	1.32439062434	8.44789385714	0.589690484409	1.91327455007	0.444359447419	0.0692412716988	0.053715308863	0.185791287253	0.0629223319563	1.48717334383	0.162260566725	0.325157673441	0.360119652659
Bacteria ; Firmicutes ; Clostridia ; Clostridiales ; Lachnospiraceae ; Anaerostipes ; Anaerostipes sp	0	0.00238865864874	0.00779216731342	0	0	0	0	0.00289335107922	0	0	0	0.00169190423822	0.0155977482523	0.0298008525635	0	0.00362362604179	0.00112496062638	0	0	0.00108018190263	0	0.0179692981706	0	0.00280308339173	0.00290419074725
Bacteria ; Firmicutes ; Clostridia ; Clostridiales ; Lachnospiraceae ; Blautia ; Blautia hansenii	0	0.00119432932437	0	0	0	0	0	0	0	0	0.00172980453209	0	0	0.00259137848378	0.24162927166	0.00241575069453	0.00787472438465	0	0.0298418382572	0	0	0	0	0	0
Bacteria ; Firmicutes ; Clostridia ; Clostridiales ; Lachnospiraceae ; Blautia ; Blautia hydrogenotrophica	0	0.00238865864874	0.00467530038805	0	0	0	0	0	0.00296580427669	0	0	0.00169190423822	0.00141797711385	0	0.00191769263222	0	0	0.000975229178857	0	0.00216036380526	0	0	0	0	0.00290419074725
Bacteria ; Firmicutes ; Clostridia ; Clostridiales ; Lachnospiraceae ; Blautia ; Blautia luti	0.0123567390566	0.0322468917579	0.0171427680895	0.00240673886883	0.0105462982493	0.00381592001832	0.00747672868198	0.00578670215844	0.00296580427669	0.0825776459254	0.0224874589171	0.0219947550969	0.0269415651631	0.00129568924189	0.0163003873739	0.00845512743085	0.00112496062638	0.00390091671543	0.0119367353029	0.00216036380526	0.0123108910349	0	0.0178090865917	0.0224246671338	0.00290419074725
Bacteria ; Firmicutes ; Clostridia ; Clostridiales ; Lachnospiraceae ; Blautia ; Blautia obeum	0.739344886884	0.6616584457	2.49349354029	0.419975932611	1.59380932293	0.347248721667	0.422435170532	0.420982582027	0.458711061461	0.330310583702	0.695381421899	0.382370357838	0.6040582505	1.45894608637	0.977064396119	2.64162338447	0.487107951222	0.818217281061	1.4503133393	1.3135011936	0.344704948978	0.334571218318	0.482824125376	0.59985984583	0.455957947318
Bacteria ; Firmicutes ; Clostridia ; Clostridiales ; Lachnospiraceae ; Blautia ; Blautia sp	10.211815102	13.6213259444	13.8451228825	6.15162454874	9.1541868804	3.99145233916	5.45801193784	6.56501359875	8.87269779443	3.34745309131	11.7471025774	12.5099399374	10.5440778186	4.60876663341	2.83914394201	8.48532431453	1.02596409126	5.02633118783	5.66994926887	6.47785087009	3.39780592564	1.83800249859	5.43770777268	7.89208128942	11.5354456481
Bacteria ; Firmicutes ; Clostridia ; Clostridiales ; Lachnospiraceae ; Blautia ; Ruminococcus gnavus	0.00411891301885	0.0107489639193	0.034285536179	0.00120336943442	0	0	0.00623060723498	0	0.00790881140451	0.00152921566529	0.019027849853	0.0169190423822	0	0.0142525816608	0.00479423158056	0.0543543906269	0.0281240156595	0	0	0	0	0	0	0.00560616678346	0.00871257224174
Bacteria ; Firmicutes ; Clostridia ; Clostridiales ; Lachnospiraceae ; Coprococcus ; Coprococcus sp	1.18830640594	1.68042135939	5.50594542366	0.689530685921	1.26028264079	0.705945203389	0.776333661479	1.34251490076	1.06175793105	0.764607832643	1.16761805916	1.48887572963	1.14288955376	1.94353386284	1.91385724696	5.69030076096	2.11042613509	0.815291593524	2.03521336914	0.745325512816	1.38018767269	0.569883456266	1.54345417128	0.730203223546	0.71733511457
Bacteria ; Firmicutes ; Clostridia ; Clostridiales ; Lachnospiraceae ; Dorea ; Dorea sp	3.23540617631	0.542225513263	2.58388268113	1.13477737665	2.78026787598	1.875524689	3.09785791723	2.8051038713	0.20266329224	0.363953328338	0.634838263276	1.44150241096	3.52083717369	2.47217507353	12.2770682315	2.57760599106	0.698600548981	1.31558416228	16.8606386153	2.26082072221	1.48004267776	0.84027860969	21.7706189647	3.44498948844	4.74835187175
Bacteria ; Firmicutes ; Clostridia ; Clostridiales ; Lachnospiraceae ; Eisenbergiella ; Eisenbergiella sp	0	0.00238865864874	0.0155843346268	0	0	0	0	0.00289335107922	0	0	0	0	0	0.00388706772568	0.00191769263222	0.00483150138906	0.00674976375827	0	0	0	0	0	0	0	0
Bacteria ; Firmicutes ; Clostridia ; Clostridiales ; Lachnospiraceae ; Fusicatenibacter ; Fusicatenibacter saccharivorans	4.5771420922	4.57905862963	6.21035734879	3.46209386282	1.26951065176	2.28001221094	3.88789891463	8.84497424918	1.57681927377	1.44663801936	5.97128524477	4.95389560951	2.58780823278	2.4682880058	2.25424768918	7.06244715545	0.852720154795	1.13224107665	1.06236944196	1.763937047	5.43183869997	0.439819964746	0.999287636536	3.08058864751	3.40371155577
Bacteria ; Firmicutes ; Clostridia ; Clostridiales ; Lachnospiraceae ; Herbinix ; Herbinix sp	0	0	0	0	0	0	0	0	0	0	0.00172980453209	0.00338380847644	0	0	0	0	0	0	0	0	0	0	0	0	0
Bacteria ; Firmicutes ; Clostridia ; Clostridiales ; Lachnospiraceae ; Hespellia ; Hespellia porcina	0	0.102712321896	0	0	0	0	0	0	0.0286694413413	0.0152921566529	0.185089084933	0.0203028508586	0	0	0	0	0	0	0	0	0	0	0	0	0
Bacteria ; Firmicutes ; Clostridia ; Clostridiales ; Lachnospiraceae ; Lachnobacterium ; Lachnobacterium sp	0	0	0	0	0	0	0	0	0	0	0	0	0.0113438169108	0	0	0	0	0	0	0	0	0	0.00593636219725	0.0182200420463	0
Bacteria ; Firmicutes ; Clostridia ; Clostridiales ; Lachnospiraceae ; Lachnoclostridium ; Clostridium asparagiforme	0.00514864127357	0.0035829879731	0.00623373385073	0.00120336943442	0	0	0.00996897157597	0.00144667553961	0	0.00917529399171	0	0.00169190423822	0	0.00388706772568	0.0268476968511	0.00845512743085	0.00449984250551	0	0	0.00108018190263	0.00136787678166	0	0	0	0
Bacteria ; Firmicutes ; Clostridia ; Clostridiales ; Lachnospiraceae ; Lachnoclostridium ; Clostridium clostridioforme	0.00617836952828	0.00238865864874	0.0140259011641	0	0.00131828728116	0.00190796000916	0.014953457364	0.00289335107922	0	0.010704509657	0.0103788271925	0.00338380847644	0.00992583979695	0.00518275696757	0.0239711579028	0.022949631598	0.00337488187913	0	0	0.00432072761053	0.00273575356332	0	0	0.00981079187106	0
Bacteria ; Firmicutes ; Clostridia ; Clostridiales ; Lachnospiraceae ; Lachnoclostridium ; Clostridium oroticum	0	0	0.00311686692537	0	0	0	0	0	0	0	0	0	0	0.00259137848378	0.00191769263222	0	0	0	0	0	0	0	0.00197878739908	0	0
Bacteria ; Firmicutes ; Clostridia ; Clostridiales ; Lachnospiraceae ; Lachnoclostridium ; Clostridium saccharolyticum	0.0298621193867	0.00836030527058	0.0140259011641	0.00240673886883	0.00131828728116	0.00763184003663	0.011215093023	0.0188067820149	0.00790881140451	0.010704509657	0	0	0	0.00518275696757	0.0210946189545	0.00724725208358	0.00112496062638	0	0.0358102059087	0.00108018190263	0	0	0	0.00280308339173	0
Bacteria ; Firmicutes ; Clostridia ; Clostridiales ; Lachnospiraceae ; Lachnoclostridium ; Clostridium scindens	0	0	0.00155843346268	0	0	0.00381592001832	0	0	0	0.00458764699586	0	0	0	0	0.0536953937023	0	0.00224992125276	0	0	0	0	0	0	0.00140154169587	0
Bacteria ; Firmicutes ; Clostridia ; Clostridiales ; Lachnospiraceae ; Lachnoclostridium ; Clostridium symbiosum	0	0	0	0.00240673886883	0.00131828728116	0	0	0	0	0	0	0	0	0	0.00671192421279	0	0	0	0.00596836765145	0	0	0.00256704259579	0	0	0
Bacteria ; Firmicutes ; Clostridia ; Clostridiales ; Lachnospiraceae ; Lachnoclostridium ; Eubacterium contortum	0.00617836952828	0.00597164662184	0.00623373385073	0	0	0.00190796000916	0.00373836434099	0.00144667553961	0.00197720285113	0	0.00172980453209	0	0	0	0.00287653894834	0.00966300277811	0.00112496062638	0	0	0	0	0.000855680865264	0	0	0
Bacteria ; Firmicutes ; Clostridia ; Clostridiales ; Lachnospiraceae ; Lachnospira ; Lachnospira sp	0.130775488349	0.0370242090554	0.607789050446	0.0854392298436	0.301887787387	0.0667786003205	0.275392839786	0.244488166194	0.015817622809	0.0122337253223	0.0640027676873	0.0406057017173	0	0.0660801513365	0.174510029532	0.721101582317	0.589479368222	0.171640335479	0.0656520441659	0.954880801927	2.89305939321	0.000855680865264	0	0	0
Bacteria ; Firmicutes ; Clostridia ; Clostridiales ; Lachnospiraceae ; Lachnotalea ; Lachnotalea glycerini	0	0	0	0	0.00395486184349	0	0	0	0	0	0	0	0	0	0	0	0	0	0	0.00432072761053	0	0	0	0	0
Bacteria ; Firmicutes ; Clostridia ; Clostridiales ; Lachnospiraceae ; Oribacterium ; Oribacterium sinus	0	0	0	0	0	0	0	0	0	0	0	0	0.00141797711385	0	0	0	0	0	0	0.0032405457079	0	0	0	0	0
Bacteria ; Firmicutes ; Clostridia ; Clostridiales ; Lachnospiraceae ; Roseburia ; Roseburia sp	0.555023529291	2.5976662805	1.86388642137	0.501805054152	1.63599451592	0.137373120659	0.458572692495	0.448469417279	0.669283165106	0.646858226416	2.03079052067	2.25023263683	0.842278405627	0.809805776183	0.526406627546	1.3262471313	0.411735589254	0.734347571679	0.519247985676	1.22060554997	1.5963122042	0.220765663238	0.144451480133	0.622284512964	0.691197397845
Bacteria ; Firmicutes ; Clostridia ; Clostridiales ; Lachnospiraceae ; Sellimonas ; Sellimonas intestinalis	0	0.0238865864874	0	0	0	0.00763184003663	0	0	0.0108746156812	1.97880507088	0.0432451133022	0.116741392437	0	0.00388706772568	0.0076707705289	0.00362362604179	0.00449984250551	0	0.0179051029543	0.0032405457079	0.00273575356332	0	0.00197878739908	0.00140154169587	0
Bacteria ; Firmicutes ; Clostridia ; Clostridiales ; Lachnospiraceae ; Syntrophococcus ; Syntrophococcus sp	0	0	0	0	0	0	0	0	0	0	0	0	0	0	0	0	0	0	0	0	0	0	0	0.0042046250876	0
Bacteria ; Firmicutes ; Clostridia ; Clostridiales ; Lachnospiraceae ; Unclassified ; Unclassified	5.97139414908	11.4404805981	6.5859398133	3.70397111913	6.58089010757	1.96519880943	7.27485700756	4.83623632892	2.64253161053	3.24499564174	12.4148071268	4.41079434904	9.3884264708	1.80748649244	3.36459172324	6.71820268148	2.04855330063	2.14745465184	3.921217547	5.77897317908	5.85588050228	3.14548286071	2.71093873674	8.87876664331	4.2226933465
Bacteria ; Firmicutes ; Clostridia ; Clostridiales ; Oscillospiraceae ; Oscillibacter ; Oscillibacter sp	0.0205945650943	0.0334412210823	0.0171427680895	0.00842358604091	0.0474583421219	0.106845760513	0.0249224289399	0.0144667553961	0.00988601425563	0.0978698025783	0.0709219858156	0.0270704678115	0.0652269472371	0.011661203177	0.0987611705596	0.00724725208358	0.0168744093957	0.020479812756	0.113398985377	0.0637307322553	0.0191502749432	0.000855680865264	0.0277030235871	0.0224246671338	0.00871257224174
Bacteria ; Firmicutes ; Clostridia ; Clostridiales ; Peptostreptococcaceae ; Intestinibacter ; Intestinibacter bartlettii	0	0.090769028652	0.0950644412237	0	0.0131828728116	0	0	0	0.0128518185323	0	0.0224874589171	0.00676761695288	0	0.0323922310473	0.0076707705289	0.0241575069453	0	0.00195045835771	0	0.0032405457079	0	0	0	0	0
Bacteria ; Firmicutes ; Clostridia ; Clostridiales ; Ruminococcaceae ; Acetivibrio ; Acetivibrio sp	0	0.0692711008133	0	0	0.00922801096815	0	0	0	0.015817622809	0.0397596072974	0.11589690365	0.0101514254293	0	0	0	0	0	0.00292568753657	0	0.00432072761053	0.00273575356332	0	0	0	0
Bacteria ; Firmicutes ; Clostridia ; Clostridiales ; Ruminococcaceae ; Anaerotruncus ; Anaerotruncus colihominis	0.00926755429242	0.00119432932437	0.0124674677015	0.00240673886883	0.00527314912466	0	0.00498448578798	0.00289335107922	0.00197720285113	0.00305843133057	0.00172980453209	0	0	0	0	0.00241575069453	0	0	0	0.00972163712369	0	0	0	0	0
Bacteria ; Firmicutes ; Clostridia ; Clostridiales ; Ruminococcaceae ; Anaerotruncus ; Anaerotruncus sp	0.00205945650943	0.0107489639193	0.00467530038805	0.00240673886883	0.0145011600928	0	0.00249224289399	0	0.000988601425563	0.00917529399171	0.00172980453209	0.00169190423822	0	0	0	0.00241575069453	0	0.00390091671543	0	0.0248441837605	0.0123108910349	0	0	0	0
Bacteria ; Firmicutes ; Clostridia ; Clostridiales ; Ruminococcaceae ; Candidatus Soleaferrea ; Candidatus Soleaferrea massiliensis	0.00205945650943	0.00716597594621	0.00467530038805	0	0.00922801096815	0	0	0	0.00395440570225	0.0137629409876	0.00691921812835	0	0.0028359542277	0	0	0	0.00224992125276	0	0	0.00108018190263	0	0	0	0	0
Bacteria ; Firmicutes ; Clostridia ; Clostridiales ; Ruminococcaceae ; Caproiciproducens ; Caproiciproducens galactitolivorans	0.007208097783	0	0	0.00240673886883	0	0	0.01246121447	0.00144667553961	0	0	0	0	0.0028359542277	0	0	0	0	0.000975229178857	0	0	0	0	0	0	0
Bacteria ; Firmicutes ; Clostridia ; Clostridiales ; Ruminococcaceae ; Faecalibacterium ; Faecalibacterium prausnitzii	5.65526757489	16.0040129465	12.819673664	3.31889290012	6.92232651339	1.32030832634	2.84364914205	6.31329205486	6.14218065702	5.13051855703	9.69382459782	14.5182302682	8.43838180452	6.35535573148	3.05680205577	8.45875105689	6.6743913963	4.640140433	4.76275738585	5.50460697581	8.32626596996	5.49175979327	2.61002057939	3.62298528381	2.73284349316
Bacteria ; Firmicutes ; Clostridia ; Clostridiales ; Ruminococcaceae ; Gemmiger ; Gemmiger formicilis	1.803054174	0.182732386628	2.36258512943	1.6678700361	2.09739506433	1.37945508662	1.0180812222	2.30021410798	0.176959655176	0.140687841206	0.311364815776	5.6881820489	1.22938615771	5.01172598764	1.51497717946	2.85662519628	9.33379831706	2.21377023601	1.17576842734	1.81686596023	5.64522747791	2.51655742474	0.789536172234	0.253679046952	1.81511921703
Bacteria ; Firmicutes ; Clostridia ; Clostridiales ; Ruminococcaceae ; Hydrogenoanaerobacterium ; Hydrogenoanaerobacterium saccharovorans	0	0.0035829879731	0	0	0	0	0	0.00289335107922	0	0	0.00691921812835	0	0	0	0	0.00241575069453	0	0	0	0	0	0	0	0	0
Bacteria ; Firmicutes ; Clostridia ; Clostridiales ; Ruminococcaceae ; Oscillospira ; Oscillospira sp	0.0247134781131	0.0298582331092	0.06389577197	0.0072202166065	0.0197743092175	0.0286194001374	0.013707335917	0.0245934841734	0.0118632171068	0.0137629409876	0.0121086317246	0.0084595211911	0.0028359542277	0.0155482709027	0.0134238484256	0.041067761807	0.00899968501102	0.000975229178857	0.0119367353029	0.00216036380526	0.00547150712664	0	0.00197878739908	0.0042046250876	0
Bacteria ; Firmicutes ; Clostridia ; Clostridiales ; Ruminococcaceae ; Papillibacter ; Papillibacter sp	0.00102972825471	0.0107489639193	0	0	0	0	0.00249224289399	0	0	0	0.00691921812835	0	0	0	0	0.00483150138906	0	0	0	0	0	0	0	0	0
Bacteria ; Firmicutes ; Clostridia ; Clostridiales ; Ruminococcaceae ; Ruminiclostridium ; Clostridium leptum	0.0123567390566	0.00836030527058	0.00779216731342	0	0.0131828728116	0.00572388002747	0.00373836434099	0	0.00197720285113	0	0.00345960906418	0.00338380847644	0.0170157253662	0	0.000958846316112	0.00362362604179	0.00112496062638	0.00195045835771	0	0.00540090951316	0.00273575356332	0.000855680865264	0	0.00700770847933	0
Bacteria ; Firmicutes ; Clostridia ; Clostridiales ; Ruminococcaceae ; Ruminiclostridium ; Clostridium methylpentosum	0.0133864673113	0.0322468917579	0.0420777034924	0	0.0316388947479	0	0.016199578811	0.00723337769805	0.0108746156812	0.0168213723181	0.0311364815776	0.0135352339058	0.0155977482523	0.0388706772568	0.00958846316112	0.0326126343761	0.0866219682311	0.0117027501463	0	0.0453676399106	0.0123108910349	0	0.00395757479816	0.0126138752628	0
Bacteria ; Firmicutes ; Clostridia ; Clostridiales ; Ruminococcaceae ; Ruminococcus ; Ruminococcus bromii	2.03165384655	5.49510922142	9.52826219085	0.995186522262	8.84438936933	0.887201404259	1.63117297412	0.619177130953	3.17439917748	0.920587830502	2.85071786888	0.752897386008	0.747273938999	3.16018606098	1.24074713305	7.42480975963	1.21158259461	2.46342890579	1.0325276037	6.83107035225	1.20646732142	0.237023599678	0.0573848345734	0.375613174492	0.0609880056922
Bacteria ; Firmicutes ; Clostridia ; Clostridiales ; Ruminococcaceae ; Ruminococcus ; Ruminococcus callidus	0	0.0119432932437	2.19115744853	0.00240673886883	0.24915629614	0	0	0	0	0	0.00345960906418	0	0.00141797711385	0.532528278418	0.25409427377	2.31912066675	0.181118660847	0.19602106495	0.131304088332	0.620024412111	0.0738653462096	0	0	0	0
Bacteria ; Firmicutes ; Clostridia ; Clostridiales ; Ruminococcaceae ; Ruminococcus ; Ruminococcus champanellensis	0	0	0.121557810089	0	0	0	0	0	0	0.00152921566529	0	0	0	0.0285051633216	0.01725923369	0.118371784032	0.0112496062638	0	0	0	0	0	0	0	0
Bacteria ; Firmicutes ; Clostridia ; Clostridiales ; Ruminococcaceae ; Ruminococcus ; Ruminococcus flavefaciens	0.441753421272	0	0	0.0770156438026	0	0.13546516065	0.56823137983	0.0868005323766	0	0	0	0	0.323298781958	0	0	0	0	0	0	0	0	0	0	0.260686755431	0.0145209537362
Bacteria ; Firmicutes ; Clostridia ; Clostridiales ; Ruminococcaceae ; Ruminococcus ; Ruminococcus lactaris	0.203886194433	0.144513848249	0.00155843346268	0.127557160048	0.00131828728116	0.125925360604	0.171964759685	0.0868005323766	0.163119235218	0.0305843133057	0.214495761979	0.172574232298	1.36267600641	0.00129568924189	0	0.00120787534726	0	0.000975229178857	0.00596836765145	0	0	0.125785087194	0.235475700491	1.2866152768	0.203293352307
Bacteria ; Firmicutes ; Clostridia ; Clostridiales ; Ruminococcaceae ; Ruminococcus ; Ruminococcus sp	1.89367026042	4.5432287499	2.59479171537	1.54392298436	0.587956127399	1.15240784553	1.40687111366	1.1211735432	2.35781439997	1.38088174575	4.14288185435	3.11479570256	4.15041901224	6.46160224932	0.778583208683	2.80831018239	4.8530801422	0.424224692803	0.310355117875	0.477440400964	0.248953574262	0.423562028306	1.39108754155	4.30273300631	2.55568785758
Bacteria ; Firmicutes ; Clostridia ; Clostridiales ; Ruminococcaceae ; Sporobacter ; Sporobacter sp	0	0.00238865864874	0	0	0	0	0	0	0.00197720285113	0.00611686266114	0.00691921812835	0	0	0	0.00287653894834	0.00603937673632	0.00224992125276	0	0	0	0	0	0	0.00280308339173	0
Bacteria ; Firmicutes ; Clostridia ; Clostridiales ; Ruminococcaceae ; Subdoligranulum ; Subdoligranulum sp	4.6523122548	1.83090685426	1.58804369847	3.84717208183	3.36031427969	2.55666641227	3.76827125572	7.15670389445	0.793846944727	0.639212148089	1.14513060024	2.82378817359	0.384271797853	1.22442633359	0.588731638093	1.57748520353	5.50105746299	2.48488394773	1.57564905998	2.63780420623	5.45509260526	0.363664367737	0.241412062688	0.47792571829	1.17038887114
Bacteria ; Firmicutes ; Clostridia ; Clostridiales ; Ruminococcaceae ; Unclassified ; Unclassified	0.0102972825471	0.0155262812168	0.0124674677015	0	0.0250474583421	0.00190796000916	0.00373836434099	0.00868005323766	0	0.0137629409876	0.0103788271925	0.00169190423822	0	0.00129568924189	0.00287653894834	0.0169102548617	0	0	0.0179051029543	0.0216036380526	0.00410363034498	0	0	0	0
Bacteria ; Firmicutes ; Clostridia ; Clostridiales ; Unclassified ; Fenollaria ; Fenollaria massiliensis	0.00308918476414	0.00238865864874	0	0	0	0	0.00498448578798	0.00289335107922	0	0	0	0	0	0	0	0	0	0	0	0	0	0	0	0	0
Bacteria ; Firmicutes ; Clostridia ; Clostridiales ; Unclassified ; Intestinimonas ; Intestinimonas butyriciproducens	0	0	0.00155843346268	0	0	0.00381592001832	0.001246121447	0.00144667553961	0	0.00305843133057	0	0	0	0.00259137848378	0.0201357726384	0.00362362604179	0.00787472438465	0	0.00596836765145	0	0	0	0	0.00280308339173	0
Bacteria ; Firmicutes ; Clostridia ; Clostridiales ; Unclassified ; Intestinimonas ; Intestinimonas sp	0.0205945650943	0.022692257163	0.0124674677015	0.0240673886883	0.0369120438726	0.0114477600549	0.0398758863039	0.0159134309357	0.00790881140451	0.010704509657	0.0363258951738	0.0169190423822	0.00708988556925	0.011661203177	0.00575307789667	0.0217417562508	0.0112496062638	0.0146284376829	0.0119367353029	0.0496883675211	0.00547150712664	0	0	0.00560616678346	0
Bacteria ; Firmicutes ; Clostridia ; Clostridiales ; Unclassified ; Unclassified ; Unclassified	3.57933541338	3.26051905552	2.93297177677	0.663056558363	1.66367854883	1.12188048539	2.52339593017	0.917192292113	0.656431346574	1.47110547	2.85590728248	0.727518822435	0.846532336968	0.662097202607	1.48045871208	3.10182389177	0.53098141565	0.475911839282	1.69501641301	1.94108687903	0.864498126009	0.117228278541	0.892433116986	1.2866152768	0.795748264746
Bacteria ; Firmicutes ; Clostridia ; Thermoanaerobacterales ; Thermoanaerobacteraceae ; Thermoanaerobacter ; Thermoanaerobacter brockii	0	0.0286639037848	0	0	0	0	0	0	0	0	0	0	0.0212696567077	0	0	0.0108708781254	0	0	0	0	0	0	0	0	0
Bacteria ; Firmicutes ; Clostridia ; Unclassified ; Unclassified ; Unclassified ; Unclassified	2.17787525872	4.25300672407	1.14077329468	0.631768953069	2.50870069606	0.551400442647	2.1370982816	0.795671546785	0.317341057606	0.831893321915	5.76024909185	0.725826918196	0.330388667527	0.397776597261	0.333678518007	2.19954100737	0.267740629078	0.446654963917	0.566994926887	3.23946552599	0.714031680026	0.0684544692212	0.0831090707614	0.199018920813	0.0058083814945
Bacteria ; Firmicutes ; Erysipelotrichia ; Erysipelotrichales ; Erysipelotrichaceae ; Catenibacterium ; Catenibacterium mitsuokai	0	1.41766890802	0	0	0	0.00381592001832	0	0	1.66579340207	0.359365681342	1.01020584674	1.88308941714	0	0	0	0	0	0	0	0	0	0.00171136173053	0	0	0
Bacteria ; Firmicutes ; Erysipelotrichia ; Erysipelotrichales ; Erysipelotrichaceae ; Coprobacillus ; Coprobacillus sp	0.719780050045	0.0919633579763	1.24674677015	0.367027677497	0.317707234761	0.276654201328	0.479756757094	0.490423007928	0.0336124484692	0.0474056856238	0.129735339907	0.0389137974791	0.517561646555	0.336879202892	0.557089709661	1.7453798768	0.451109211178	0.103374292959	0.173082661892	0.34889875455	1.31452958717	1.17399414714	0.379927180624	0.852137351086	3.6447593878
Bacteria ; Firmicutes ; Erysipelotrichia ; Erysipelotrichales ; Erysipelotrichaceae ; Erysipelatoclostridium ; Clostridium innocuum	0	0.00238865864874	0.00311686692537	0	0	0	0	0	0	0	0	0.0084595211911	0	0.00518275696757	0.00191769263222	0	0	0	0	0	0	0	0	0	0
Bacteria ; Firmicutes ; Erysipelotrichia ; Erysipelotrichales ; Erysipelotrichaceae ; Erysipelatoclostridium ; Clostridium spiroforme	0.0205945650943	0.0692711008133	0.0124674677015	0.00842358604091	0.0224108837798	0	0.00747672868198	0.0115734043169	0.0573388826827	0.00458764699586	0.0882200311365	0.177649945013	0	0.0285051633216	0.00383538526445	0.0217417562508	0.0258740944067	0.00877706260971	0	0.0248441837605	0.0123108910349	0	0	0	0
Bacteria ; Firmicutes ; Erysipelotrichia ; Erysipelotrichales ; Erysipelotrichaceae ; Erysipelatoclostridium ; Erysipelatoclostridium ramosum	0	0	0	0	0	0	0	0	0	0	0	0	0	0	0	0	0	0	0	0	0	0	0	0.00700770847933	0.0406586704615
Bacteria ; Firmicutes ; Erysipelotrichia ; Erysipelotrichales ; Erysipelotrichaceae ; Holdemania ; Holdemania filiformis	0.00102972825471	0.0035829879731	0.00623373385073	0.00481347773767	0	0	0.00498448578798	0	0.00395440570225	0	0.00518941359626	0	0.0028359542277	0.00259137848378	0	0.00362362604179	0	0	0	0	0	0	0	0.00280308339173	0
Bacteria ; Firmicutes ; Erysipelotrichia ; Erysipelotrichales ; Erysipelotrichaceae ; Solobacterium ; Solobacterium moorei	0	0.00119432932437	0.00155843346268	0	0	0	0	0	0	0	0.00518941359626	0	0	0	0	0.00241575069453	0	0	0	0.0032405457079	0	0	0	0.0042046250876	0
Bacteria ; Firmicutes ; Erysipelotrichia ; Erysipelotrichales ; Erysipelotrichaceae ; Turicibacter ; Turicibacter sp	0.00308918476414	0	0.0093506007761	0	0.00395486184349	0	0	0	0	0	0.00172980453209	0	0	0.00259137848378	0	0.00966300277811	0	0	0	0.00648109141579	0	0	0	0	0
Bacteria ; Firmicutes ; Erysipelotrichia ; Erysipelotrichales ; Unclassified ; Unclassified ; Unclassified	0.0380999454244	0	0.0124674677015	0.00962695547533	0	0.00763184003663	0.0510909793268	0.0101267287773	0	0	0	0	0	0	0.00287653894834	0.0350283850707	0.00112496062638	0	0	0	0	0	0	0	0
Bacteria ; Firmicutes ; Negativicutes ; Selenomonadales ; Acidaminococcaceae ; Acidaminococcus ; Acidaminococcus intestini	0.0102972825471	0	0	0.145607701564	0	0.536136762573	0.160749666663	0.315375267635	0	0	0	0	0	0	0	0	0	0	0	0	0	0	0	0	0
Bacteria ; Firmicutes ; Negativicutes ; Selenomonadales ; Acidaminococcaceae ; Phascolarctobacterium ; Phascolarctobacterium faecium	0	0	0	0	0.00659143640582	0	0	0	0	0	0	0	0	0	0	0	0	0.00877706260971	0.0238734706058	0.0172829104421	0.00820726068996	0	0	0	0
Bacteria ; Firmicutes ; Negativicutes ; Selenomonadales ; Acidaminococcaceae ; Phascolarctobacterium ; Phascolarctobacterium sp	0	0.127793237707	0	0	0	0	0	0	0.494300712782	0.235499212454	0.97733956063	0.901784958971	0.826680657374	0	0	0	0	0	0.00596836765145	0	0	0.573306179727	0.233496913092	1.69726699369	0.278802311736
Bacteria ; Firmicutes ; Negativicutes ; Selenomonadales ; Acidaminococcaceae ; Phascolarctobacterium ; Phascolarctobacterium succinatutens	0.408802117121	0	0	0.49578820698	0	0.459818362207	0.441126992237	1.0372663619	0	0	0	0	0	0	0	0	0	0	0	0	0	0	0	0	0
Bacteria ; Firmicutes ; Negativicutes ; Selenomonadales ; Veillonellaceae ; Allisonella ; Allisonella histaminiformans	0	0.013137622568	0	0	0	0	0	0	0.490346307079	0.957289006469	0.30617540218	0.607393621521	0	0	0	0	0	0	0	0	0	0	0	0	0
Bacteria ; Firmicutes ; Negativicutes ; Selenomonadales ; Veillonellaceae ; Dialister ; Dialister pneumosintes	0	0	0	0.00240673886883	0	0	0	0	0	0	0	0	0	0	0.0489011621217	0	0	0	0	0	0	0	0.15038784233	0	0
Bacteria ; Firmicutes ; Negativicutes ; Selenomonadales ; Veillonellaceae ; Dialister ; Dialister sp	0	0.00238865864874	0.640516153163	0	0.603775574773	0	0	0.00434002661883	0	0	0	0	0	0.230632685057	0.977064396119	1.10279019205	0.536606218782	0.943046615955	0.274544911967	0.920314981043	1.12986622165	0	0	0	0
Bacteria ; Firmicutes ; Negativicutes ; Selenomonadales ; Veillonellaceae ; Megamonas ; Megamonas funiformis	2.70097721211	0.383379713122	0	1.27316486161	0	1.10852476532	1.92899599995	3.21595972455	2.1966723676	1.74330585843	0.359799342674	3.31444040267	0	0	0	0	0	0	0	0	0	0	0	0	0
Bacteria ; Firmicutes ; Negativicutes ; Selenomonadales ; Veillonellaceae ; Megasphaera ; Megasphaera elsdenii	0.565320811838	0	0	11.0601684717	0	4.71647714264	1.64737255293	8.21277703837	0	0	0.00172980453209	0	0.00141797711385	0	0	0	0	0	0	0	0	0	0	0	0
Bacteria ; Firmicutes ; Negativicutes ; Selenomonadales ; Veillonellaceae ; Veillonella ; Veillonella sp	0	0	0.0124674677015	0	0.00659143640582	0	0	0	0.00197720285113	0	0.00345960906418	0	0.00992583979695	0	0	0.00603937673632	0.00112496062638	0.00292568753657	0	0.0151225466369	0	0.00256704259579	0	0.0126138752628	0
Bacteria ; Firmicutes ; Tissierellia ; Tissierellales ; Peptoniphilaceae ; Anaerococcus ; Anaerococcus vaginalis	0	0	0	0.00240673886883	0	0	0	0	0	0	0	0	0	0	0	0	0	0	0	0	0	0	0	0	0
Bacteria ; Firmicutes ; Tissierellia ; Tissierellales ; Peptoniphilaceae ; Parvimonas ; Parvimonas micra	0	0	0	0	0	0	0	0	0	0	0	0	0.00425393134155	0	0	0	0	0	0	0	0	0	0	0.00560616678346	0
Bacteria ; Firmicutes ; Tissierellia ; Tissierellales ; Tissierellaceae ; Soehngenia ; Soehngenia sp	0	0	0.00623373385073	0	0	0	0	0	0	0	0.00518941359626	0	0	0	0	0	0	0	0	0	0	0	0	0.0042046250876	0
Bacteria ; Firmicutes ; Unclassified ; Unclassified ; Unclassified ; Unclassified ; Unclassified	0.466466899385	1.89778929642	1.27635700594	0.221419975933	0.469310272094	0.0953980004579	0.690351281636	0.214107979862	0.605024072445	0.593335678131	1.48071267947	1.28415531681	0.138961757157	0.632296350043	0.99144709086	1.64271047228	0.712100076497	0.208699044275	0.698299015219	0.50876567614	0.359751593576	0.0812896822001	0.744024062055	0.0602662929222	0.0551796241977
Bacteria ; Fusobacteria ; Fusobacteriia ; Fusobacteriales ; Fusobacteriaceae ; Fusobacterium ; Fusobacterium nucleatum	0.00411891301885	0	0	0	0	0	0	0	0	0	0	0	0	0	0	0	0	0	0	0	0	0	0	0	0
Bacteria ; Lentisphaerae ; Lentisphaeria ; Victivallales ; Unclassified ; Unclassified ; Unclassified	0.00205945650943	0	0	0.00120336943442	0.00527314912466	0	0	0	0	0	0	0	0	0	0	0.00241575069453	0	0.00292568753657	0	0.0442874580079	0.0068393839083	0	0	0	0
Bacteria ; Lentisphaerae ; Lentisphaeria ; Victivallales ; Victivallaceae ; Victivallis ; Victivallis vadensis	0	0	0	0.00240673886883	0	0	0	0	0	0	0	0	0	0	0	0	0	0	0	0	0	0	0	0	0
Bacteria ; Proteobacteria ; Alphaproteobacteria ; Kopriimonadales ; Kopriimonadaceae ; Kopriimonas ; Kopriimonas sp	0	0.0107489639193	0	0	0	0	0.00249224289399	0	0.00593160855338	0	0.0674623767514	0.00507571271466	0	0	0	0	0	0	0	0	0	0	0	0	0
Bacteria ; Proteobacteria ; Alphaproteobacteria ; Sphingomonadales ; Sphingomonadaceae ; Novosphingobium ; Novosphingobium sp	0	0	0	0	0	0	0	0	0	0	0	0	0	0	0.00383538526445	0	0	0	0	0	0	0	0	0	0
Bacteria ; Proteobacteria ; Alphaproteobacteria ; Sphingomonadales ; Sphingomonadaceae ; Sphingomonas ; Sphingomonas sp	0	0	0	0	0	0	0	0	0	0	0	0	0	0	0.00287653894834	0	0	0	0	0	0	0	0	0	0
Bacteria ; Proteobacteria ; Betaproteobacteria ; Burkholderiales ; Burkholderiaceae ; Burkholderia ; Burkholderia sp	0	0	0	0	0	0	0.00249224289399	0.00289335107922	0	0	0	0.00507571271466	0	0	0.0105473094772	0.00120787534726	0.00449984250551	0	0	0.0032405457079	0	0	0.00593636219725	0	0
Bacteria ; Proteobacteria ; Betaproteobacteria ; Burkholderiales ; Comamonadaceae ; Variovorax ; Variovorax sp	0	0	0	0	0	0	0	0	0	0	0	0	0	0	0	0	0	0	0	0.0129621828316	0	0	0.00197878739908	0	0
Bacteria ; Proteobacteria ; Betaproteobacteria ; Burkholderiales ; Oxalobacteraceae ; Oxalobacter ; Oxalobacter sp	0	0.00955463459494	0	0	0	0.00381592001832	0.00249224289399	0	0.00296580427669	0.00611686266114	0.00518941359626	0.00338380847644	0	0	0	0	0	0	0	0.00216036380526	0	0	0	0	0
Bacteria ; Proteobacteria ; Betaproteobacteria ; Burkholderiales ; Sutterellaceae ; Parasutterella ; Parasutterella excrementihominis	0.0123567390566	0.0800200647326	0.222855985164	0.0132370637786	0.255747732546	0	0.0186918217049	0.0130200798565	0.0365782527458	0.0290550976404	0.0847604220723	0.0118433296675	0	0.255250780653	0.343266981168	0.263316825704	0.172118975836	0.140433001755	0.435690838556	0.327295116498	0.0930156211528	0	0	0	0
Bacteria ; Proteobacteria ; Betaproteobacteria ; Burkholderiales ; Sutterellaceae ; Sutterella ; Sutterella sp	0	0	0	0	0	0	0	0	0	0	0	0	0.0978404208556	0	0	0	0	0	0	0	0	0.268683791693	0.162260566725	0.295725297828	0.290419074725
Bacteria ; Proteobacteria ; Betaproteobacteria ; Burkholderiales ; Sutterellaceae ; Sutterella ; Sutterella stercoricanis	0.0278026628773	0	0	0.684717208183	0	0.0228955201099	0.31526872609	0.690064232394	0	0	0	0	0	0	0	0	0	0	0	0	0	0	0	0	0
Bacteria ; Proteobacteria ; Betaproteobacteria ; Burkholderiales ; Sutterellaceae ; Sutterella ; Sutterella wadsworthensis	0	0.0979350045982	0	0	0	0	0	0	0.43004162012	0.0474056856238	0.318284033904	0.538025547754	0	0	0	0	0	0	0	0	0	0	0	0	0
Bacteria ; Proteobacteria ; Betaproteobacteria ; Unclassified ; Unclassified ; Unclassified ; Unclassified	0	0.0035829879731	0.197921049761	0	0.371757013288	0	0	0	0	0	0	0	0	0.799440262248	1.04322479193	0.521802150018	5.61467848625	0.923542032378	0.972843927186	0.947319528609	3.75071813531	0.00171136173053	0	0	0
Bacteria ; Proteobacteria ; Deltaproteobacteria ; Desulfovibrionales ; Desulfomicrobiaceae ; Desulfomicrobium ; Desulfomicrobium sp	0	0.00477731729747	0.00311686692537	0.00361010830325	0	0.00763184003663	0	0	0	0.00458764699586	0	0.00169190423822	0	0	0	0	0	0.00487614589429	0.0119367353029	0	0.00273575356332	0	0.0118727243945	0.00560616678346	0
Bacteria ; Proteobacteria ; Deltaproteobacteria ; Desulfovibrionales ; Desulfovibrionaceae ; Bilophila ; Bilophila sp	0.0834079886318	0.0501618316235	0.059220471582	0.0553549939832	0.088325247838	0.0400671601923	0.11215093023	0.0115734043169	0.0434984627248	0.0703439206031	0.0830306175402	0.00338380847644	0.0737348099202	0.0285051633216	0.0546542400184	0.0700567701413	0.0101246456374	0.0253559586503	0.0596836765145	0.0756127331843	0.00820726068996	0.0308045111495	0.023745448789	0.0742817098809	0
Bacteria ; Proteobacteria ; Deltaproteobacteria ; Desulfovibrionales ; Desulfovibrionaceae ; Desulfovibrio ; Desulfovibrio sp	0.007208097783	0	0	0.00120336943442	0	0	0.00872285012897	0	0	0	0	0	0	0	0	0	0	0	0	0	0	0	0	0	0
Bacteria ; Proteobacteria ; Deltaproteobacteria ; Desulfovibrionales ; Unclassified ; Unclassified ; Unclassified	0.00205945650943	0	0	0	0.00527314912466	0	0.00373836434099	0	0	0	0	0	0.0028359542277	0.00388706772568	0	0.00845512743085	0	0.00292568753657	0	0.0183630923448	0	0	0	0	0
Bacteria ; Proteobacteria ; Deltaproteobacteria ; Desulfuromonadales ; Desulfuromonadaceae ; Desulfuromonas ; Desulfuromonas thiophila	0	0.00238865864874	0.00779216731342	0	0	0.0114477600549	0	0	0	0	0	0.00507571271466	0	0	0	0	0	0	0.0179051029543	0	0	0	0	0	0
Bacteria ; Proteobacteria ; Epsilonproteobacteria ; Campylobacterales ; Campylobacteraceae ; Sulfurospirillum ; Sulfurospirillum deleyianum	0.00514864127357	0	0.0607789050446	0.00240673886883	0	0.036251240174	0.001246121447	0	0	0	0	0.0101514254293	0	0	0	0	0	0	0.12533572068	0.0032405457079	0	0.00256704259579	0	0.00140154169587	0
Bacteria ; Proteobacteria ; Gammaproteobacteria ; Enterobacteriales ; Enterobacteriaceae ; Enterobacter ; Enterobacter sp	0.00823782603771	0.0394128677041	0.121557810089	0.0613718411552	0	33.6964817217	0.0323991576219	0.0274868352526	0.0207606299368	48.7942134479	0.058813354091	0.00676761695288	0.00708988556925	0	40.9810915506	0.00241575069453	0	0.000975229178857	31.8412414205	0.011882000929	0.0150466445983	0.00941248951791	32.84391325	0.142957252978	0.011616762989
Bacteria ; Proteobacteria ; Gammaproteobacteria ; Enterobacteriales ; Enterobacteriaceae ; Escherichia ; Escherichia coli	0.07208097783	0	0.00623373385073	0.935018050542	0.0290023201856	0.331985041594	0.102181958654	0.516463167641	0.0247150356391	0.0902237242518	0	0.00507571271466	0.0198516795939	0.00906982469325	0.376826602232	0.00362362604179	0.00787472438465	0.0302321045446	0.167114294241	0.0496883675211	0.0123108910349	0.0350829154758	0.0395757479816	0.0140154169587	0
Bacteria ; Proteobacteria ; Gammaproteobacteria ; Enterobacteriales ; Enterobacteriaceae ; Klebsiella ; Klebsiella sp	0	0	0	0	0	0.00381592001832	0	0	0	0	0	0	0	0	0	0	0	0	0	0	0	0	0	0	0
Bacteria ; Proteobacteria ; Gammaproteobacteria ; Enterobacteriales ; Enterobacteriaceae ; Pantoea ; Pantoea sp	0	0	0.00779216731342	0	0	1.81065404869	0	0	0	0.93740920282	0.00172980453209	0	0	0	2.56683158823	0	0	0	1.50402864816	0	0.00136787678166	0.000855680865264	1.43264207694	0.0126138752628	0
Bacteria ; Proteobacteria ; Gammaproteobacteria ; Enterobacteriales ; Enterobacteriaceae ; Salmonella ; Salmonella enterica	0.00102972825471	0	0	0	0	0.0400671601923	0	0.00144667553961	0	0.195739605157	0	0	0	0	0.0719134737084	0	0	0	0.0477469412116	0	0	0	0.0455121101789	0.00280308339173	0
Bacteria ; Proteobacteria ; Gammaproteobacteria ; Enterobacteriales ; Enterobacteriaceae ; Salmonella ; Salmonella sp	0	0	0.0171427680895	0	0	2.1254674502	0	0	0	1.46040096035	0.00172980453209	0	0	0	2.75764200514	0	0	0	2.14861235452	0	0	0	0.815260408422	0.0112123335669	0
Bacteria ; Proteobacteria ; Gammaproteobacteria ; Enterobacteriales ; Enterobacteriaceae ; Serratia ; Serratia sp	0	0	0.0155843346268	0	0	0.684957643288	0	0	0	0.472527640573	0	0.00169190423822	0	0	1.0173359414	0	0	0	0.441659206207	0.00216036380526	0	0.000855680865264	0.263178724078	0.0112123335669	0
Bacteria ; Proteobacteria ; Gammaproteobacteria ; Enterobacteriales ; Enterobacteriaceae ; Trabulsiella ; Trabulsiella sp	0	0	0.0171427680895	0	0	1.8125620087	0	0	0	1.5552123316	0	0	0	0	2.74709469566	0	0	0	1.48015517756	0.00108018190263	0	0	0.706427101472	0.00981079187106	0
Bacteria ; Proteobacteria ; Gammaproteobacteria ; Pasteurellales ; Pasteurellaceae ; Haemophilus ; Haemophilus sp	0	0	0	0	0.0566863530901	0	0	0	0	0	0	0	0.0510471760986	0	0	0.00241575069453	0	0.00585137507314	0	0.0561694589369	0.00410363034498	0.00513408519159	0.00197878739908	0.0644709180098	0
Bacteria ; Proteobacteria ; Gammaproteobacteria ; Pseudomonadales ; Moraxellaceae ; Acinetobacter ; Acinetobacter baumannii	0	0	0.0093506007761	0	0	0.383499961841	0	0	0	0.908354105179	0	0	0	0	0.498600084378	0	0	0	0.0716204118174	0	0	0	0.395757479816	0.00700770847933	0
Bacteria ; Proteobacteria ; Gammaproteobacteria ; Pseudomonadales ; Moraxellaceae ; Acinetobacter ; Acinetobacter sp	0	0	0.00311686692537	0.00120336943442	0	0.0629626803022	0	0	0	0.281375682412	0	0	0	0	0.400797760135	0	0	0.00195045835771	0.0179051029543	0	0	0	0.0356181731835	0.00280308339173	0
Bacteria ; Proteobacteria ; Gammaproteobacteria ; Pseudomonadales ; Pseudomonadaceae ; Pseudomonas ; Pseudomonas aeruginosa	0	0	0	0	0	0	0.001246121447	0	0	0.00305843133057	0.00691921812835	0.00169190423822	0	0	0.00287653894834	0.00966300277811	0.00224992125276	0	0.0119367353029	0.00648109141579	0	0.000855680865264	0.00593636219725	0.00560616678346	0
Bacteria ; Proteobacteria ; Gammaproteobacteria ; Pseudomonadales ; Pseudomonadaceae ; Pseudomonas ; Pseudomonas stutzeri	0	0	0	0.00120336943442	0	0.00572388002747	0	0	0	0	0	0	0	0	0.00479423158056	0	0.00112496062638	0	0.0119367353029	0	0	0.000855680865264	0.00197878739908	0	0
Bacteria ; Proteobacteria ; Unclassified ; Unclassified ; Unclassified ; Unclassified ; Unclassified	0.0370702171697	0.022692257163	0.0264933688656	0.0240673886883	0	0.0209875601007	0.0498448578798	0.0188067820149	0.038555455597	0.0168213723181	0.019027849853	0.0253785635733	0	0	0.0393126989606	0	0.0292489762858	0.03413302126	0.0835571471203	0.0583298227421	0.0177823981616	0.0248147450927	0.0534272597752	0.0112123335669	0
Bacteria ; Spirochaetes ; Spirochaetia ; Unclassified ; Unclassified ; Unclassified ; Unclassified	0.319215758961	0	0.0903891408356	0.0661853188929	0.0645960767771	0.160268640769	0.246732046505	0.0376135640299	0	0	0	0	0.0028359542277	0.0336879202892	0.0220534652706	0.131658412852	0.0224992125276	0.013653208504	0	0.0604901865474	0.00410363034498	0	0	0	0
Bacteria ; Synergistetes ; Synergistia ; Synergistales ; Synergistaceae ; Dethiosulfovibrio ; Dethiosulfovibrio sp	0	0	0	0	0	0	0.00373836434099	0	0	0	0	0	0	0	0.00383538526445	0	0	0	0	0.0032405457079	0	0	0	0.00140154169587	0
Bacteria ; Synergistetes ; Synergistia ; Synergistales ; Synergistaceae ; Synergistes ; Synergistes sp	0	0	0.0155843346268	0	0	0	0	0	0	0	0	0	0	0.00647844620946	0.0191769263222	0.018118130209	0.00674976375827	0	0.0238734706058	0.0032405457079	0.00273575356332	0	0	0	0
Bacteria ; Synergistetes ; Synergistia ; Synergistales ; Synergistaceae ; Thermanaerovibrio ; Thermanaerovibrio acidaminovorans	0	0.00477731729747	0	0	0	0	0	0	0	0	0	0	0	0	0	0	0	0	0	0	0	0	0	0	0
Bacteria ; Tenericutes ; Unclassified ; Unclassified ; Unclassified ; Unclassified ; Unclassified	0.0308918476414	0.00716597594621	0.00467530038805	0.0120336943442	0.00527314912466	0.0228955201099	0.0473526149859	0.00723337769805	0.00296580427669	0	0.0172980453209	0	0	0	0.00287653894834	0.0144945041672	0	0	0	0.0291649113711	0	0	0	0	0
Bacteria ; Thermotogae ; Thermotogae ; Thermotogales ; Thermotogaceae ; Thermotoga ; Thermotoga petrophila	0	0.0107489639193	0.0093506007761	0.0120336943442	0.00395486184349	0	0	0	0	0	0	0	0.00425393134155	0	0	0	0	0.00390091671543	0	0	0	0	0	0	0
Bacteria ; Thermotogae ; Unclassified ; Unclassified ; Unclassified ; Unclassified ; Unclassified	0	0.00716597594621	0	0	0	0	0	0	0	0	0	0	0.00708988556925	0	0	0.00120787534726	0	0	0	0	0	0	0	0	0
Bacteria ; Unclassified ; Unclassified ; Unclassified ; Unclassified ; Unclassified ; Unclassified	0.53751814896	3.74183377324	1.13298112737	0.227436823105	0.8608415946	0.143097000687	0.458572692495	0.156240958278	0.887764080156	0.677442539721	3.59799342674	1.48210811268	0.372927980942	0.409437800438	0.280941970621	1.26585336393	0.400485982991	0.200897210845	0.316323485527	1.00132862374	0.32145104369	0.0795783204696	0.229539338293	0.185003503854	0.023233525978
Bacteria ; Verrucomicrobia ; Verrucomicrobiae ; Verrucomicrobiales ; Akkermansiaceae ; Akkermansia ; Akkermansia muciniphila	0.271848259244	0.0250809158117	0.0233765019402	0.150421179302	0	0.185072120888	0.254208775187	0.0896938834558	0	0.00305843133057	0.0155682407888	0	0.0141797711385	0.0142525816608	0.0143826947417	0.041067761807	0.00787472438465	0.00195045835771	0	0.00432072761053	0	0	0.00395757479816	0.00840925017519	0
No Hit ; No Hit ; No Hit ; No Hit ; No Hit ; No Hit ; No Hit	0	0.00955463459494	0.0187012015522	0.00240673886883	0.0118645855305	0	0.00747672868198	0	0.0118632171068	0	0.0847604220723	0.00676761695288	0.0170157253662	0.00777413545135	0	0.0338205097234	0.00562480313189	0	0	0.0280847294684	0	0.0102681703832	0	0.0294323756132	0.0058083814945