	1-MS515F	10-MS515F	12-MS515F	13-MS515F	14-MS515F	15-MS515F	16-MS515F	17-MS515F	18-MS515F	19-MS515F	2-MS515F	21-MS515F	22-MS515F	23-MS515F	24-MS515F	25-MS515F	27-MS515F	28-MS515F	29-MS515F	3-MS515F	30-MS515F	32-MS515F	33-MS515F	34-MS515F	35-MS515F	36-MS515F	37-MS515F	38-MS515F	39-MS515F	4-MS515F	5-MS515F	9-MS515F
Archaea ; Euryarchaeota ; Methanobacteria ; Methanobacteriales ; Methanobacteriaceae ; Methanobrevibacter ; Methanobrevibacter smithii	0.104265094001	0	0	0	0	0	0	0	0	0	0.0657894736842	0	0	0	0	0	0	0	0	0	0	0	0	0	0	0	0	0.185175387546	0	0	0	0.130430731965
Bacteria ; Actinobacteria ; Actinobacteria ; Actinomycetales ; Actinomycetaceae ; Actinomyces ; Actinomyces sp	0.0553908311883	0	0	0.0467781546018	0.0215383142679	0	0	0.0147693034796	0	0	0.0137061403509	0	0	0.00325361965186	0	0	0	0	0	0.0314240324017	0	0	0.00402463074013	0	0.0345763072504	0.0766252621391	0.0208123764265	0.140204221999	0.0291108708309	0	0	0.059004378746
Bacteria ; Actinobacteria ; Actinobacteria ; Bifidobacteriales ; Bifidobacteriaceae ; Bifidobacterium ; Bifidobacterium adolescentis	19.3802743475	11.3176633688	11.7450012087	11.213113476	1.02187335471	14.0741030251	4.85175631349	6.17356885449	49.0292645203	47.057189899	6.35416666667	10.6308037144	19.4864713417	0.836180250529	0.783502664513	12.7051878278	9.66061255295	19.7197640118	0.481695568401	8.1650110857	6.42307159399	24.5711784807	9.25463838693	3.14104023965	1.3697537103	1.32682690757	5.497936106	13.5336754669	18.502037761	11.0000286049	6.184084372	5.490512717
Bacteria ; Actinobacteria ; Actinobacteria ; Bifidobacteriales ; Bifidobacteriaceae ; Bifidobacterium ; Bifidobacterium bifidum	0	0.615455710295	0.48520219636	1.07784664562	0	0	0	0.0620310746145	0.170947128495	0.243994366309	1.28015350877	0.0260166506564	0.0840537944284	0.00325361965186	0.0015096390453	0.0339767683846	1.57277109607	1.85630004214	0	0	0.518596227311	1.07226421129	2.70052722663	2.40176584973	0.015958295654	0.326665591224	0.676402233862	0.346542510978	1.00640439158	0.00143024686061	0.00165305650147	0.636626191733
Bacteria ; Actinobacteria ; Actinobacteria ; Bifidobacteriales ; Bifidobacteriaceae ; Bifidobacterium ; Bifidobacterium dentium	0	0	0	0.00194908977508	0	0.734776831079	0.00796152988758	0.0295386069593	0.111929667467	0.107119477892	0.00548245614035	0.0180115273775	0.0440281780339	0.022775337563	0.0362313370873	0.0722006328173	5.84798169158	0.564686051412	0.0963391136802	0.00523733873361	0.619544347895	0	0.0181108383306	0	0.0106388637693	0	0.201186305456	0.0185175387546	0.0374282624969	0.333247518522	0.00495916950441	0
Bacteria ; Actinobacteria ; Actinobacteria ; Bifidobacteriales ; Bifidobacteriaceae ; Bifidobacterium ; Bifidobacterium pseudocatenulatum	0.08634453097	0.0294074400823	0.0189936802846	0.0545745137021	0.00478629205954	0.0410380676933	0.00636922391007	0.685295681456	1.7399975579	2.12255261748	0.104166666667	0.458293307717	1.3188440602	0.069952822515	0.0407602542232	0.42046250876	0.725519793543	0.804888327012	0.0229378842096	0.0471360486025	0.158349993072	0.255862103792	0.603694611019	0.166424329485	0.180860684079	0.13308598161	0.534184328281	0.775091265012	0.120602179157	0.0214537029091	0.00330611300294	0.0683208596006
Bacteria ; Actinobacteria ; Actinobacteria ; Bifidobacteriales ; Bifidobacteriaceae ; Bifidobacterium ; Bifidobacterium pseudolongum	0.0619073995634	0.126031886067	0.169216424353	0.0311854364012	0.00239314602977	0.107480653482	0.0191076717302	0	0.00203508486304	0	0.0164473684211	0.284181876401	0.310198527057	0	0	0.00637064407212	0.0779081657496	0.149599662874	0	0	0.00791749965361	0.587472856734	0.32197045921	0.00175183504721	0.0106388637693	0	0.00693745880884	0.0370350775091	0.212093487482	0.00286049372122	0.00330611300294	0.0124219744728
Bacteria ; Actinobacteria ; Actinobacteria ; Bifidobacteriales ; Bifidobacteriaceae ; Bifidobacterium ; Bifidobacterium sp	0	0	0	0	0	0	0.00159230597752	0	0.00203508486304	0	0.00274122807018	0	0	0	0	0	0	0.00210703750527	0	0.00872889788935	0	0.00504990994327	0	0	0	0	0	0	0	0.0114419748849	0	0
Bacteria ; Actinobacteria ; Actinobacteria ; Micrococcales ; Micrococcaceae ; Rothia ; Rothia mucilaginosa	0.00814571046887	0	0	0.00194908977508	0	0	0	0	0	0	0	0	0	0	0.00301927809061	0	0	0	0	0.00698311831148	0	0	0	0	0.00797914782701	0.0201645426682	0	0	0	0	0	0
Bacteria ; Actinobacteria ; Actinobacteria ; Propionibacteriales ; Propionibacteriaceae ; Propionibacterium ; Propionibacterium sp	0.00162914209377	0	0	0	0	0	0	0.0531694925267	0.00407016972608	0.0198369403503	0.00274122807018	0	0	0	0	0	0	0	0	0	0	0.00841651657212	0.00804926148026	0.0122628453305	0	0.0403290853363	0.00346872940442	0	0	0	0	0.00310549361821
Bacteria ; Actinobacteria ; Actinobacteria ; Unclassified ; Unclassified ; Unclassified ; Unclassified	0	0	0.0138135856615	0	0.0358971904466	0.0625341983897	0.0159230597752	0	0	0	0	0.0520333013128	0.022014089017	0	0.00301927809061	0	0	0	0	0	0	0	0	0	0.0797914782701	0	0	0.158721760753	0.178823920818	0	0	0.316760349057
Bacteria ; Actinobacteria ; Coriobacteriia ; Coriobacteriales ; Atopobiaceae ; Atopobium ; Atopobium sp	0	0	0	0	0	0	0	0	0	0	0	0	0	0	0	0	0	0	0	0	0	0	0	0	0	0	0	0.0290989894715	0.012476087499	0	0	0
Bacteria ; Actinobacteria ; Coriobacteriia ; Coriobacteriales ; Atopobiaceae ; Olsenella ; Olsenella scatoligenes	0	0	0	0	0	0	0	0	0	0	0	0	0	0	0	0	0	0	0	0	0	0	0	0	0	0	0	0	0.0706978291608	0	0	0
Bacteria ; Actinobacteria ; Coriobacteriia ; Coriobacteriales ; Atopobiaceae ; Olsenella ; Olsenella sp	0	0.109227634592	0.367786718237	0	0.246494041066	0.381067771438	0.23088436674	0	0	0	0	0	0	0	0	0	0.209378195452	0.324483775811	0	0	0.0178143742206	0	0	0	0.00265971594234	0	0.201186305456	0	0.0207934791649	0	0	0.24222850222
Bacteria ; Actinobacteria ; Coriobacteriia ; Coriobacteriales ; Coriobacteriaceae ; Collinsella ; Collinsella aerofaciens	1.82138086084	17.2264582939	15.3814276341	3.57852882704	0.818455942182	10.9180802001	4.02057259323	0.00590772139186	0	0.0277717164904	0	44.2743355748	41.0242555235	0.447372702131	0.280792862427	0.64131150326	23.0267322394	21.6498103666	0.11927699789	0	1.94176679005	45.7117848065	66.5653801264	5.3728780898	5.64391722964	0.947733505404	2.04655034861	2.56071107349	9.35706562422	0	0	0.549672370423
Bacteria ; Actinobacteria ; Coriobacteriia ; Coriobacteriales ; Coriobacteriaceae ; Collinsella ; Collinsella sp	0.00814571046887	0.256264835003	0.252097938322	0	0.122050447518	0.314625185648	0.0827999108309	0	0	0	0.0712719298246	0.174111431316	0.196125520333	0.00650723930373	0.0015096390453	0.00424709604808	0	0	0	0	0	0	0	0	0.130326081175	0	0	0	0	0	0	0.251544983075
Bacteria ; Actinobacteria ; Coriobacteriia ; Coriobacteriales ; Coriobacteriaceae ; Enorma ; Enorma massiliensis	0	0	0	0	0.0143588761786	0.0117251621981	0.0111461418426	0	0	0	0	0	0	0	0	0	0	0	0	0	0	0	0	0	0	0	0	0	0	0	0	0
Bacteria ; Actinobacteria ; Coriobacteriia ; Coriobacteriales ; Coriobacteriaceae ; Senegalimassilia ; Senegalimassilia anaerobia	0	0.189047829101	0.145042649446	0	0.10290527928	1.53013366685	0.334384255278	0	0	0	0.361842105263	1.7150976625	1.11871597823	0.00976085895559	0.015096390453	0.157142553779	0	0	0	0	0	1.18167892673	0.746569002294	0.220731215949	0.109048353636	0.137118890144	0	0.0846516057351	0.249521749979	0	0	0.512406447005
Bacteria ; Actinobacteria ; Coriobacteriia ; Coriobacteriales ; Unclassified ; Unclassified ; Unclassified	0.158026783096	0	0	0	0.0885464031015	0.0097709684984	0.00477691793255	0	0	0	0	0	0	0	0	0	0.0146077810781	0.0147492625369	0	0	0.0257318738742	0.0269328530308	0.0281724151809	0	0	0.153250524278	0.256685975927	0.425903391355	0.0790152208267	0	0	0.0372659234185
Bacteria ; Actinobacteria ; Coriobacteriia ; Eggerthellales ; Eggerthellaceae ; Adlercreutzia ; Adlercreutzia equolifaciens	0.40565638135	0	0	0.292363466261	0	0	0	0.0531694925267	0.00610525458912	0.00991847017516	0.383771929825	0.00600384245917	0.0140089657381	0	0	0.00637064407212	0.0097385207187	0.0126422250316	0	0	0.0039587498268	0.0100998198865	0.0261600998108	0	0.0611734666738	0.129053073076	0.163030282008	0.253954817205	0.00831739166597	0	0	0.0124219744728
Bacteria ; Actinobacteria ; Coriobacteriia ; Eggerthellales ; Eggerthellaceae ; Denitrobacterium ; Denitrobacterium sp	0	0	0	0.0175418079757	0	0	0	0	0	0	0	0	0	0	0	0	0.0243463017968	0.0126422250316	0	0	0.00989687456701	0	0	0	0	0	0.00346872940442	0	0	0	0	0
Bacteria ; Actinobacteria ; Coriobacteriia ; Eggerthellales ; Eggerthellaceae ; Eggerthella ; Eggerthella lenta	0.00814571046887	0	0	0.0448290648267	0	0	0	0	0	0	0.00548245614035	0.0080051232789	0	0	0	0	0.0194770414374	0.0147492625369	0	0.0645938443812	0.0039587498268	0.0336660662885	0.0422586227714	0.0595623916052	0	0	0	0	0	0.237420978861	0.0214897345191	0
Bacteria ; Actinobacteria ; Coriobacteriia ; Eggerthellales ; Eggerthellaceae ; Enterorhabdus ; Enterorhabdus mucosicola	0.0390994102506	0	0	0	0	0	0	0	0	0	0	0	0	0	0	0	0	0	0	0	0	0	0	0	0	0	0	0	0	0	0	0
Bacteria ; Actinobacteria ; Coriobacteriia ; Eggerthellales ; Eggerthellaceae ; Gordonibacter ; Gordonibacter pamelaeae	0.00325828418755	0	0	0.0487272443769	0	0	0	0	0.00610525458912	0.00396738807006	0.00548245614035	0	0	0	0	0	0.00486926035935	0.0105351875263	0	0.0122204570451	0.0019793749134	0	0	0	0	0	0.00346872940442	0	0	0.00286049372122	0	0
Bacteria ; Actinobacteria ; Coriobacteriia ; Eggerthellales ; Eggerthellaceae ; Slackia ; Slackia isoflavoniconvertens	0.848783030856	0.00840212573781	0.00863349103844	0.0467781546018	0.0287177523572	0.30485421715	0.098722970606	0	0	0	0	0.0440281780339	0.0560358629523	0	0	0.0127412881442	0	0	0	0	0	0	0	0	0.0132985797117	0	0	0.182530024866	0.0415869583299	0	0	0.0465824042732
Bacteria ; Actinobacteria ; Unclassified ; Unclassified ; Unclassified ; Unclassified ; Unclassified	0	0	0	0	0	0	0	0.115200567141	0.00407016972608	0.0119021642102	0.0548245614035	0	0	0	0	0	0	0	0	0.342172797263	0	0	0	0	0.0106388637693	0	0	0	0.012476087499	0.00429074058182	0.00495916950441	0
Bacteria ; Bacteroidetes ; Bacteroidia ; Bacteroidales ; Bacteroidaceae ; Anaerorhabdus ; Anaerorhabdus furcosa	0	0	0	0	0	0	0	0	0	0	0	0	0	0	0	0	0	0	0	0	0	0	0	0	0	0	0	0.00793608803767	0	0	0	0
Bacteria ; Bacteroidetes ; Bacteroidia ; Bacteroidales ; Bacteroidaceae ; Bacteroides ; Bacteroides caccae	0.014662278844	0.0294074400823	0.0155402838692	0.177367169532	0.00478629205954	0	0.00159230597752	0.115200567141	0.0407016972608	0.0932336196465	0.00274122807018	0.164105027217	0.28818443804	0.143159264682	0.249090442475	0.445945085048	1.05176023762	0.39612305099	0.194972015781	0.0244409140902	0.726430593219	0.375376639117	0.0965911377631	1.08964139937	0.0212777275387	0.0725923536054	0.145686634986	0.275117718639	0.12476087499	0.00286049372122	0.00330611300294	0.248439489457
Bacteria ; Bacteroidetes ; Bacteroidia ; Bacteroidales ; Bacteroidaceae ; Bacteroides ; Bacteroides clarus	0.00162914209377	0	0.00345339641537	0	0	0	0	0	0	0	0	0	0	0	0	0	0	0	0	0	0	0.0067332132577	0.0120738922204	0	0	0	0	0.0105814507169	0	0	0	0.0186329617093
Bacteria ; Bacteroidetes ; Bacteroidia ; Bacteroidales ; Bacteroidaceae ; Bacteroides ; Bacteroides coprocola	0	0	0	0	0.00239314602977	0	0	2.75004430791	0.284911880825	0.835135188748	0	0	0	0	0	0	0.277547840483	0.136957437842	0.0183503073676	0	0.387957483027	0	0	0	0	0	0.065905858684	0	0	0	0	0
Bacteria ; Bacteroidetes ; Bacteroidia ; Bacteroidales ; Bacteroidaceae ; Bacteroides ; Bacteroides eggerthii	0	0	0.00172669820769	0.00194908977508	0.00239314602977	0	0	0.437171382998	0.054947291302	0.126956418242	0	1.1867595261	2.17539225104	0.0813404912966	0.726136380791	4.0814593022	0	0	0	0	0	0.239029070648	0.199219221636	0.837377152567	0.255332730464	0.112921438942	0	0	0	0	0	0
Bacteria ; Bacteroidetes ; Bacteroidia ; Bacteroidales ; Bacteroidaceae ; Bacteroides ; Bacteroides fragilis	0	0	0	0	0	0	0	0	0	0	0	0.118075568364	0.0900576368876	0.66373840898	0.220407300614	0.371620904207	0.67682718995	0.375052675938	0.0550509221029	0.0820516401599	0.605688723501	0	0	0	0.015958295654	0	0.114468070346	0	0	0.0901055522183	0.00330611300294	0.00931648085463
Bacteria ; Bacteroidetes ; Bacteroidia ; Bacteroidales ; Bacteroidaceae ; Bacteroides ; Bacteroides helcogenes	0	0.0252063772134	0.0241737749076	0	0	0	0	0	0	0	0	0	0	0	0	0	0	0	0	0	0	0	0	0	0	0	0	0	0	0	0	0.114903263874
Bacteria ; Bacteroidetes ; Bacteroidia ; Bacteroidales ; Bacteroidaceae ; Bacteroides ; Bacteroides intestinalis	0	0	0	0.0916072194285	0	0	0	0	0	0	0.0219298245614	0	0	0	0	0	0	0	0	0	0	0	0	0	0	0	0	0	0	0	0	0
Bacteria ; Bacteroidetes ; Bacteroidia ; Bacteroidales ; Bacteroidaceae ; Bacteroides ; Bacteroides nordii	0	0	0	0	0	0	0	0	0	0	0	0	0	0	0	0	0	0	0	0	0	0	0	0	0	0	0	0.0158721760753	0	0	0	0
Bacteria ; Bacteroidetes ; Bacteroidia ; Bacteroidales ; Bacteroidaceae ; Bacteroides ; Bacteroides ovatus	0.00651656837509	0.00420106286891	0.00518009462306	0.594472381398	0.00478629205954	0	0	0.138831452709	0.0630876307542	0.113070559997	0.0109649122807	0.282180595581	0.350224143452	0.00650723930373	0.800108694011	0.730500520269	0.793689438574	0.533080488833	0.325717955776	0.293290969082	1.60527305477	0.611039103136	0.207268483117	0.853143667992	0.0398957391351	0.0282303597354	0.0901869645149	0.571398338712	0.0415869583299	0.0958265396607	0.00661222600588	0.00310549361821
Bacteria ; Bacteroidetes ; Bacteroidia ; Bacteroidales ; Bacteroidaceae ; Bacteroides ; Bacteroides plebeius	0	0.0105026571723	0.027627171323	0.483374264219	0	0	0	0	0	0	0	0	0	0	0	0	0	0	0	0	0	0	0	0	0	0	0	0	0	0	0	0.0683208596006
Bacteria ; Bacteroidetes ; Bacteroidia ; Bacteroidales ; Bacteroidaceae ; Bacteroides ; Bacteroides sp	0.882995014825	0.371794063898	0.359153227199	3.28616536078	0.0406834825061	0.00781677479872	0.0111461418426	6.56938618775	0.647156986446	1.63258019083	0.224780701754	6.33805635607	7.58285302594	7.43289409468	32.0285019852	22.2802658682	10.6003798023	4.58912768647	9.84264611432	4.56521359613	22.4480908929	6.4773511539	2.69247796515	54.9848466268	0.606415234853	3.86755928376	1.11693086822	4.57647743506	0.286950012476	0.653622815298	0.18018315866	0.360237259712
Bacteria ; Bacteroidetes ; Bacteroidia ; Bacteroidales ; Bacteroidaceae ; Bacteroides ; Bacteroides stercoris	0.0309536997817	0.0168042514756	0.00690679283075	0.0740654114529	0	0	0	0.82708099486	0.175017298221	0.583206046299	0	0.326208773615	0.564361191162	0.0195217179112	4.47306049124	3.61215518889	0	0	0	0	0	0.0151497298298	0.0181108383306	0.0963509275967	0.015958295654	0.00806581706727	0	0	0.0540630458288	0	0	0.0217384553275
Bacteria ; Bacteroidetes ; Bacteroidia ; Bacteroidales ; Bacteroidaceae ; Bacteroides ; Bacteroides thetaiotaomicron	0.00325828418755	0.00840212573781	0.00863349103844	0.173468989982	0	0	0.00159230597752	0.041354049743	0.0162806789043	0.0158695522803	0	0.14809478066	0.21813960935	1.92126240442	0.117751845534	0.0976832091058	0.379802308029	0.124315212811	0.0940453252592	0.247900700058	0.805605589755	0.106048108809	0.0181108383306	0.112117443022	0.00797914782701	0	0.041624752853	0.105814507169	0	0.135873451758	0.00661222600588	0.0186329617093
Bacteria ; Bacteroidetes ; Bacteroidia ; Bacteroidales ; Bacteroidaceae ; Bacteroides ; Bacteroides uniformis	0	0	0	0	0	0.00195419369968	0	0.23926271637	0.00407016972608	0.0178532463153	0	0.176112712136	0.374239513289	0.0130144786075	0.140396431213	0.817565989255	0.00486926035935	0	0	0	0.00791749965361	0.0134664265154	0.0201231537006	0.057810556558	0.00265971594234	0.00806581706727	0	0.00264536267922	0	0	0	0
Bacteria ; Bacteroidetes ; Bacteroidia ; Bacteroidales ; Porphyromonadaceae ; Barnesiella ; Barnesiella intestinihominis	0.035841126063	0.0168042514756	0.00690679283075	0.050676334152	0	0	0	0.109292845749	0.0101754243152	0.0476086568408	0.0164473684211	0	0	0	0	0	0.0584311243122	0.0189633375474	0	0	0.168246867639	0.0639655259481	0.0241477844408	0.131387628541	0	0.185513792547	0.0901869645149	0.0661340669806	0.182982616651	0	0	0.152169187292
Bacteria ; Bacteroidetes ; Bacteroidia ; Bacteroidales ; Porphyromonadaceae ; Barnesiella ; Barnesiella sp	0	0	0	0	0	0	0	0	0	0	0	0	0	0	0	0	0	0	0	0	0	0	0.0100615768503	0.00875917523606	0	0.0322632682691	0	0	0	0	0	0
Bacteria ; Bacteroidetes ; Bacteroidia ; Bacteroidales ; Porphyromonadaceae ; Butyricimonas ; Butyricimonas sp	0.00814571046887	0	0	0.0077963591003	0	0	0	0.0265847462634	0.00814033945216	0.00793477614013	0	0	0	0	0	0.00424709604808	0	0	0	0	0	0.0151497298298	0.00402463074013	0.0455477112275	0	0	0	0.00793608803767	0	0	0	0.0186329617093
Bacteria ; Bacteroidetes ; Bacteroidia ; Bacteroidales ; Porphyromonadaceae ; Coprobacter ; Coprobacter fastidiosus	0	0	0	0	0	0	0	0	0	0.0059510821051	0	0	0.00600384245917	0.0178949080852	0.0015096390453	0.0169883841923	0	0	0	0	0	0	0.00804926148026	0.110365607974	0	0	0	0	0.00831739166597	0	0	0
Bacteria ; Bacteroidetes ; Bacteroidia ; Bacteroidales ; Porphyromonadaceae ; Odoribacter ; Odoribacter splanchnicus	0.00325828418755	0.00420106286891	0.00345339641537	0.0155927182006	0	0	0	0.0147693034796	0	0.0059510821051	0	0.0100064040986	0.00600384245917	0.00976085895559	0.00603855618122	0.00424709604808	0.0146077810781	0.0168563000421	0	0.013966236623	0.0178143742206	0.0201996397731	0.0181108383306	0.0437958761803	0.00531943188467	0	0.0173436470221	0.0132268133961	0	0	0	0.059004378746
Bacteria ; Bacteroidetes ; Bacteroidia ; Bacteroidales ; Porphyromonadaceae ; Paludibacter ; Paludibacter sp	0.53110032257	0.0105026571723	0.00518009462306	0	0.062221796774	0	0	0.0738465173982	0.00610525458912	0.0158695522803	0.101425438596	0	0	0	0	0	0	0	0	0	0	0.00168330331442	0	0.0753289070301	0.0425554550774	0.0322632682691	0.0312185646398	0	0.0873326124927	0	0	0.223595540511
Bacteria ; Bacteroidetes ; Bacteroidia ; Bacteroidales ; Porphyromonadaceae ; Parabacteroides ; Parabacteroides distasonis	0.0130331367502	0.0336085029512	0.0207203784922	0.0155927182006	0.0358971904466	0	0	0.168370059668	0.0569823761651	0.0654619031561	0.0274122807018	0.0500320204931	0.0620397054115	0.110623068163	0.0573662837216	0.212354802404	0.262940059405	0.206489675516	0.0183503073676	0.0349155915574	0.18012311712	0.193579881159	0.106652714613	0.749785400207	0.015958295654	0.0524278109372	0.041624752853	0.0793608803767	0.12476087499	0.00286049372122	0.00165305650147	0.254650476693
Bacteria ; Bacteroidetes ; Bacteroidia ; Bacteroidales ; Porphyromonadaceae ; Parabacteroides ; Parabacteroides goldsteinii	0.0390994102506	0	0	0	0	0	0	0	0	0	0	0	0.00200128081972	0	0	0	0	0	0	0	0	0.00168330331442	0	0.00175183504721	0	0	0	0	0	0	0	0
Bacteria ; Bacteroidetes ; Bacteroidia ; Bacteroidales ; Porphyromonadaceae ; Parabacteroides ; Parabacteroides merdae	0.0244371314066	0	0	0.00974544887538	0.00478629205954	0	0	0.177231641756	0.115999837193	0.128940112277	0.0328947368421	0.272174191483	0.258165225744	0.842687489832	0.175118129255	0.424709604808	0.457710473779	0.381373788453	0.0183503073676	0.00698311831148	0.3839987332	0.435975558436	0.261600998108	0.972268451203	0.0452151710197	0.867075334731	0.14915536439	0.455002380826	0.0249521749979	0	0	0
Bacteria ; Bacteroidetes ; Bacteroidia ; Bacteroidales ; Porphyromonadaceae ; Parabacteroides ; Parabacteroides sp	0	0	0	0	0.00717943808931	0	0	0	0	0	0	0	0	0	0	0	0	0	0	0	0	0	0	0	0	0	0	0	0	0	0	0
Bacteria ; Bacteroidetes ; Bacteroidia ; Bacteroidales ; Prevotellaceae ; Paraprevotella ; Paraprevotella clara	0.00325828418755	0.00630159430336	0.00518009462306	0	0	0	0	0.265847462634	0.0183157637673	0.122989030172	0	0	0	0	0	0	0	0	0	0	0	0.00504990994327	0.00402463074013	0.0122628453305	0	0	0	0	0.316060883307	0	0	0
Bacteria ; Bacteroidetes ; Bacteroidia ; Bacteroidales ; Prevotellaceae ; Paraprevotella ; Paraprevotella sp	0	0	0	0	5.89431867133	0.0273587117955	0.092353746696	0	0	0	0.00548245614035	0	0	0	0	0	0	0	0	0	0	0	0	0	0	0	0	0	0	0	0	0
Bacteria ; Bacteroidetes ; Bacteroidia ; Bacteroidales ; Prevotellaceae ; Prevotella ; Prevotella copri	0	1.6888272733	1.2363159167	0	31.2377351266	0.24622840616	0.821629884399	0	0.00407016972608	0.0059510821051	0.00548245614035	0	0	0.00488042947779	0	0	0	0	0	0	0	0	0	0	0	0	0	0	0.494884804125	0	0	5.2358622403
Bacteria ; Bacteroidetes ; Bacteroidia ; Bacteroidales ; Prevotellaceae ; Prevotella ; Prevotella sp	0	0.142836137543	0.0483475498152	0	1.48614368449	0.00586258109904	0.046176873348	0	0.00203508486304	0	0	0	0	0	0	0	0	0	0	0	0	0	0	0	0	0	0	0	0.0665391333278	0	0	0.391292195895
Bacteria ; Bacteroidetes ; Bacteroidia ; Bacteroidales ; Prevotellaceae ; Prevotella ; Prevotella stercorea	0	0	0	0	1.66802278275	0.0156335495974	0.00636922391007	0	0	0	0	0	0	0	0	0	0	0	0	0	0	0	0	0	0	0	0	0	0	0	0	0
Bacteria ; Bacteroidetes ; Bacteroidia ; Bacteroidales ; Rikenellaceae ; Alistipes ; Alistipes finegoldii	0.00977485256264	0.00210053143445	0.00172669820769	0	0	0	0.00159230597752	0.00590772139186	0	0.00793477614013	0.0822368421053	0	0	0.00488042947779	0.0120771123624	0.0106177401202	0.116862248624	0.111672987779	0.0275254610515	0	0.128659369371	0.0134664265154	0.0160985229605	0.00175183504721	0	0.00403290853363	0.163030282008	0.179884662187	0	0	0	0.0279494425639
Bacteria ; Bacteroidetes ; Bacteroidia ; Bacteroidales ; Rikenellaceae ; Alistipes ; Alistipes indistinctus	0.00325828418755	0	0	0	0	0	0	0	0	0	0	0	0	0	0	0	0	0	0	0	0	0	0.00201231537006	0	0	0	0	0	0.0540630458288	0	0	0.0155274680911
Bacteria ; Bacteroidetes ; Bacteroidia ; Bacteroidales ; Rikenellaceae ; Alistipes ; Alistipes inops	0.0162914209377	0	0	0	0	0	0	0	0	0	0.00822368421053	0	0	0	0	0	0	0	0	0	0	0	0	0	0	0	0	0	0	0	0	0
Bacteria ; Bacteroidetes ; Bacteroidia ; Bacteroidales ; Rikenellaceae ; Alistipes ; Alistipes massiliensis	0.0114039946564	0	0	0	0	0	0	0.0295386069593	0	0.00198369403503	0.00274122807018	0	0	0	0	0	0	0	0	0	0	0	0	0	0	0	0	0	0	0	0	0
Bacteria ; Bacteroidetes ; Bacteroidia ; Bacteroidales ; Rikenellaceae ; Alistipes ; Alistipes obesi	0.0586491153758	0	0	0.0175418079757	0.0167520222084	0	0	0.0679387960064	0.00203508486304	0.0059510821051	0.0137061403509	0	0	0	0	0	0	0	0	0.00349155915574	0	0.0067332132577	0.00603694611019	0	0	0.00806581706727	0	0.0343897148299	0.0249521749979	0	0	0.059004378746
Bacteria ; Bacteroidetes ; Bacteroidia ; Bacteroidales ; Rikenellaceae ; Alistipes ; Alistipes onderdonkii	0.0342119839692	0	0	0.0701672319027	0	0	0	0.00295386069593	0	0	0.0191885964912	0.0160102465578	0.00200128081972	0.0292825768668	0.015096390453	0.0276061243125	0.0292155621561	0.0210703750527	0.0298192494724	0.0174577957787	0.126679994458	0.0488157961183	0.0382339920312	0.220731215949	0	0.04436199387	0.142217905581	0.0396804401883	0.0582217416618	0.00143024686061	0	0
Bacteria ; Bacteroidetes ; Bacteroidia ; Bacteroidales ; Rikenellaceae ; Alistipes ; Alistipes senegalensis	0	0.00210053143445	0.00172669820769	0.00194908977508	0.00239314602977	0	0.00159230597752	0.082708099486	0.00407016972608	0.0138858582452	0.0246710526316	0.00400256163945	0.0160102465578	0.00325361965186	0.0015096390453	0.00424709604808	0.0146077810781	0.0189633375474	0.00688136526287	0.0698311831148	0.0752162467093	0.0454491894895	0.0583571457319	0.162920659391	0.00265971594234	0.0241974512018	0.0277498352354	0.00529072535845	0.0332695666639	0.00715123430304	0.00330611300294	0.00931648085463
Bacteria ; Bacteroidetes ; Bacteroidia ; Bacteroidales ; Rikenellaceae ; Alistipes ; Alistipes shahii	0	0	0	0	0	0	0	0.00590772139186	0	0	0.00274122807018	0	0	0	0	0.00212354802404	0	0	0.00229378842096	0.00698311831148	0.0019793749134	0.011783123201	0.00201231537006	0.00175183504721	0	0.00403290853363	0	0	0	0	0.00165305650147	0
Bacteria ; Bacteroidetes ; Bacteroidia ; Bacteroidales ; Rikenellaceae ; Alistipes ; Alistipes sp	0.296503861067	0.0168042514756	0.00345339641537	0.26117802986	0.00239314602977	0	0	0.939327701306	0.0936139036998	0.152744440697	0.391995614035	0.0460294588537	0.0900576368876	0.0683260126891	0.0905783427183	0.188995774139	0.0779081657496	0.153813737885	0.00917515368382	0.127441909185	0.0672987470557	0.100998198865	0.165009860345	0.0858399173134	0.202138411618	0.298435231489	0.339935481633	1.21157610708	0.55726524162	0.00286049372122	0.00826528250736	0.636626191733
Bacteria ; Bacteroidetes ; Bacteroidia ; Bacteroidales ; Rikenellaceae ; Alistipes ; Candidatus Alistipes marseilloanorexicus	0	0	0	0	0	0	0	0	0	0	0	0	0	0	0	0	0	0	0	0.00698311831148	0	0.0100998198865	0.0100615768503	0	0	0.0161316341345	0	0	0.0166347833319	0	0	0.00931648085463
Bacteria ; Bacteroidetes ; Bacteroidia ; Bacteroidales ; Unclassified ; Unclassified ; Unclassified	0	0.046211691558	0.0328072659461	0	7.77054515867	0.0156335495974	0.26273048629	0	0	0	0.268640350877	0.0600384245917	0.0960614793468	0.0130144786075	0.0573662837216	0.267567051029	0	0	0	0	0	0	0	0	0.164902388425	0	0	0	0	0	0	0.571410825751
Bacteria ; Chlamydiae ; Chlamydiia ; Chlamydiales ; Chlamydiaceae ; Chlamydia ; Chlamydia trachomatis	0	0	0.00345339641537	0	2.1059685062	0.908700070351	0.254768956403	0	0	0	0	0	0	0	0	0	0	0	0	0	0	0	0	0	0	0	0	0	0	0	0	0
Bacteria ; Firmicutes ; Bacilli ; Bacillales ; Bacillaceae ; Bacillus ; Bacillus sp	0.00651656837509	0	0	0	0	0	0	0	0	0	0.00822368421053	0	0	0	0	0	0	0	0	0	0	0	0	0	0	0	0	0	0	0	0	0
Bacteria ; Firmicutes ; Bacilli ; Bacillales ; Unclassified ; Gemella ; Gemella sp	0	0	0	0.0175418079757	0	0	0	0	0	0	0	0	0	0	0	0	0	0	0	0.0349155915574	0	0	0	0	0	0	0	0.00793608803767	0	0	0	0.0186329617093
Bacteria ; Firmicutes ; Bacilli ; Lactobacillales ; Enterococcaceae ; Enterococcus ; Enterococcus casseliflavus	0	0	0	0	0	0	0	0	0	0	0	0	0	0	0	0	0	0.00842815002107	0	0	0	0	0	0	0	0	0	0	0	0	0	0
Bacteria ; Firmicutes ; Bacilli ; Lactobacillales ; Enterococcaceae ; Enterococcus ; Enterococcus faecalis	0.00651656837509	0.115529228895	0.0673412300998	0.0155927182006	0.449911453597	7.15430313453	23.1791981147	0.00295386069593	0.0162806789043	0.00198369403503	0	0.0780499519693	0.166106308037	0	0	0	2.72191654088	2.47576906869	0.00458757684191	0.0226951345123	0.221689990301	0.892150756645	1.49515031996	0.341607834206	0.00265971594234	0	0	0.00264536267922	0	0.00572098744243	0.00330611300294	0
Bacteria ; Firmicutes ; Bacilli ; Lactobacillales ; Enterococcaceae ; Enterococcus ; Enterococcus sp	0	0.0168042514756	0.00518009462306	0	0	0.435785195029	1.31206012547	0.00295386069593	0.00203508486304	0.00198369403503	0	0	0	0	0	0	0.0097385207187	0	0	0	0	0.00168330331442	0	0	0	0	0	0	0.203776095816	0	0	0
Bacteria ; Firmicutes ; Bacilli ; Lactobacillales ; Lactobacillaceae ; Lactobacillus ; Lactobacillus amylovorus	0	0	0	0	0	0	0	0	0	0	0.00274122807018	0	0	0	0	0	0	0	0	0.00349155915574	0	0	0	0	0	0	0	0	0	0	0.158693424141	0
Bacteria ; Firmicutes ; Bacilli ; Lactobacillales ; Lactobacillaceae ; Lactobacillus ; Lactobacillus crispatus	0	0	0	0	0	0	0	0	0	0	0	0	0	0	0	0	0	0	0	0	0	0	0	0	0	0	0	0	0	0	0.00495916950441	0
Bacteria ; Firmicutes ; Bacilli ; Lactobacillales ; Lactobacillaceae ; Lactobacillus ; Lactobacillus gasseri	0	0.327682903775	0.0431674551922	0.0955053989787	0	0	0	0	0.317473238634	0.0297554105255	0.00274122807018	0	0	0	0	0	0	5.01264222503	0	0	0	0	0	0	0	0	0	0	0	0	0	0
Bacteria ; Firmicutes ; Bacilli ; Lactobacillales ; Lactobacillaceae ; Lactobacillus ; Lactobacillus harbinensis	0	0.0105026571723	0.0241737749076	0	0.00239314602977	0.240365825061	1.22289099073	0	0.00407016972608	0	0	0	0	0	0	0	0	0	0	0	0	0	0	0	0	0	0	0	0	0.00143024686061	0	0
Bacteria ; Firmicutes ; Bacilli ; Lactobacillales ; Lactobacillaceae ; Lactobacillus ; Lactobacillus mucosae	0	0	0	0.00389817955015	0	0	0.00318461195503	0.0147693034796	0	0	0	0	0	0	0	0	0.0730389053903	0.381373788453	0	0.00523733873361	0.106886245324	0	0	0	0	0	0	0	0	6.69212506079	9.30174893378	0
Bacteria ; Firmicutes ; Bacilli ; Lactobacillales ; Lactobacillaceae ; Lactobacillus ; Lactobacillus reuteri	0	0.023105845779	0.100148496046	0.0155927182006	0	0	0	0	0	0	0	0	0	0	0	0	0	0	0	0	0	0	0	0	0	0	0	0	0	0	0	0
Bacteria ; Firmicutes ; Bacilli ; Lactobacillales ; Lactobacillaceae ; Lactobacillus ; Lactobacillus ruminis	0.00325828418755	36.8601256118	37.8630382982	0.0233890773009	0.215383142679	8.67271163918	18.696856788	2.83570626809	29.732589849	22.8025629327	0.00274122807018	0.0100064040986	0	0.00650723930373	0	0	0	0	0	0	0	0.00168330331442	0	0	0	0	0	0	0	0.00715123430304	0	0.400608676749
Bacteria ; Firmicutes ; Bacilli ; Lactobacillales ; Lactobacillaceae ; Lactobacillus ; Lactobacillus salivarius	0	0.0399100972546	0.0103601892461	0	0.00239314602977	0.00586258109904	0.114646030381	0.00295386069593	0.0122105091782	0.00198369403503	0	0	0	0	0	0	0	0	0	0	0	0	0	0	0	0	0	0	0	0	0	0.00310549361821
Bacteria ; Firmicutes ; Bacilli ; Lactobacillales ; Lactobacillaceae ; Lactobacillus ; Lactobacillus sanfranciscensis	0	0	0	0	0	0	0	0	0	0	0	0	0	0	0	0	0	0	0	0	0	0	0	0	0	0	0.041624752853	0	0	0	0	0
Bacteria ; Firmicutes ; Bacilli ; Lactobacillales ; Lactobacillaceae ; Pediococcus ; Pediococcus acidilactici	0	0	0	0	0	0	0	0	0	0	0	0	0	0	0	0	0	0	0	0	0	0	0.0704310379523	0.437958761803	0	0	0	0	0	0	0	0
Bacteria ; Firmicutes ; Bacilli ; Lactobacillales ; Leuconostocaceae ; Fructobacillus ; Fructobacillus fructosus	0	0	0	0	0	0	0	0	0	0	0	0	0	0	0	0	0	0	0	0	0.0019793749134	0	0	0	0	0	0.0104061882133	0	0	0	0	0
Bacteria ; Firmicutes ; Bacilli ; Lactobacillales ; Leuconostocaceae ; Leuconostoc ; Leuconostoc lactis	0.00651656837509	0	0	0	0.00478629205954	0	0	0	0	0	0	0	0	0	0	0	0	0	0	0	0	0	0	0	0	0	0	0	0.0665391333278	0	0	0
Bacteria ; Firmicutes ; Bacilli ; Lactobacillales ; Streptococcaceae ; Lactococcus ; Lactococcus lactis	0.0211788472191	0	0	0	0	0	0	0	0	0	0	0	0	0	0	0	0	0	0	0	0	0	0	0	0	0	0.0242811058309	0	0	0	0	0
Bacteria ; Firmicutes ; Bacilli ; Lactobacillales ; Streptococcaceae ; Streptococcus ; Streptococcus anginosus	0.00651656837509	0	0	0.00194908977508	0.00478629205954	0.0527632298913	0.0175153657527	0.00295386069593	0.00203508486304	0.00198369403503	0	0	0	0	0	0	0.0535618639529	0.0105351875263	0	0.00349155915574	0	0.0134664265154	0.00201231537006	0.0105110102833	0	0	0	0	0.00415869583299	0.00286049372122	0	0
Bacteria ; Firmicutes ; Bacilli ; Lactobacillales ; Streptococcaceae ; Streptococcus ; Streptococcus gallolyticus	0	0	0	0.00389817955015	0	0	0.00159230597752	0	0	0	0	0	0	0	0	0	0	0	0	0	0	0	0	0	0	0	0	0	0	0.16447838897	0.120673124607	0
Bacteria ; Firmicutes ; Bacilli ; Lactobacillales ; Streptococcaceae ; Streptococcus ; Streptococcus mutans	0	0	0	0.00584726932523	0	0	0	0	0	0	0	0	0	0	0	0	0	0	0	0	0	0	0	0	0	0	0	0	0	0	0	0
Bacteria ; Firmicutes ; Bacilli ; Lactobacillales ; Streptococcaceae ; Streptococcus ; Streptococcus peroris	0	0	0	0.0175418079757	0	0	0	0	0	0	0	0	0	0.00162680982593	0	0	0	0	0	0.00174577957787	0	0	0	0	0.00531943188467	0.0241974512018	0	0.00264536267922	0	0	0	0.00310549361821
Bacteria ; Firmicutes ; Bacilli ; Lactobacillales ; Streptococcaceae ; Streptococcus ; Streptococcus sp	0.0765696784074	0	0.00172669820769	0.278719837836	0.0502560666252	0.00586258109904	0	0.0384001890471	0.0101754243152	0.0059510821051	0.0246710526316	0.00400256163945	0.0100064040986	0.00162680982593	0	0.00424709604808	0.0389540828748	0.0969237252423	0	0.528971212095	0.0019793749134	0.111098018752	0.0241477844408	0.0788325771245	0.212777275387	0.794482981126	0.0104061882133	0.193111475583	0.449139149963	0.072942589891	0.200019836678	0.0714263532188
Bacteria ; Firmicutes ; Bacilli ; Lactobacillales ; Streptococcaceae ; Streptococcus ; Streptococcus thermophilus	0.19875533544	0.0294074400823	0.0120868874538	0.313803453787	0.136409323697	0.0449464550926	0.0350307315054	0.307201512377	0.0651227156172	0.0952173136815	0.115131578947	0.0320204931156	0.0300192122959	0.0178949080852	0.00301927809061	0.0169883841923	0.735258314262	0.969237252423	0	6.58508056773	0.019793749134	0.400626188833	0.342093612911	0.0315330308498	1.00803234215	0.875141151799	0.0450934822574	0.867678958785	3.67628711636	0.666495037043	1.14722121202	0
Bacteria ; Firmicutes ; Bacilli ; Lactobacillales ; Unclassified ; Unclassified ; Unclassified	0	0	0	0	0	0	0	0	0	0	0	0	0	0	0	0	0	0	0	0.00174577957787	0	0	0	0	0	0	0	0	0	0.00429074058182	0.0958772770853	0
Bacteria ; Firmicutes ; Bacilli ; Unclassified ; Unclassified ; Unclassified ; Unclassified	0	0	0.00345339641537	0	0.0119657301489	0.00390838739936	0.00477691793255	0	0	0	0	0	0	0	0	0	0	0.00421407501054	0	0	0.00593812474021	0	0	0	0	0	0	0	0	0	0	0.00310549361821
Bacteria ; Firmicutes ; Clostridia ; Clostridiales ; Clostridiaceae ; Clostridium ; Clostridium chartatabidum	0	0	0	0	0.00239314602977	0.0117251621981	0.00159230597752	0.00590772139186	0	0	0	0	0	0	0	0	1.9769197059	5.37715971344	0	0	0.0574018724887	0	0	0	0	0	0.0242811058309	0	0	0	0	0
Bacteria ; Firmicutes ; Clostridia ; Clostridiales ; Clostridiaceae ; Clostridium ; Clostridium perfringens	0.00488742628132	0.649064213246	0.257278032945	0.0214399875258	0.0119657301489	31.5094192136	33.283971848	0.0886158208779	7.69465586715	3.0806768364	0.00822368421053	0.272174191483	0.29218699968	0.00488042947779	0	0.00637064407212	0.194770414374	0.141171512853	0.00229378842096	0.738464761439	0	0.043765886175	0.0603694611019	0	0	0	0	0	0	72.0343831345	81.6742156247	0.0310549361821
Bacteria ; Firmicutes ; Clostridia ; Clostridiales ; Clostridiaceae ; Clostridium ; Clostridium sp	0.267179303379	0.378095658202	0.1346824602	0.341090710638	0.655722012157	2.99577894161	0.44266106175	0.502156318308	0.166876958769	0.0753803733312	0.254934210526	0.110070445085	0.224143451809	0.0309093866927	0.368351927054	0.205984158332	0.175293372937	0.109565950274	0	0.200764651455	0.0158349993072	0.149813994984	0.0603694611019	0.0315330308498	0.305867333369	0.173415066946	0.18037392903	0.402095127242	0.224569574981	0	0	0.301232880966
Bacteria ; Firmicutes ; Clostridia ; Clostridiales ; Clostridiaceae ; Clostridium ; Clostridium tarantellae	0	0.00210053143445	0.00172669820769	0	0	0.148518721176	0.484061017165	0	0.00814033945216	0.00793477614013	0	0	0	0	0	0	0	0	0	0.00174577957787	0	0	0	0	0	0	0	0	0	0	0	0
Bacteria ; Firmicutes ; Clostridia ; Clostridiales ; Clostridiaceae ; Hungatella ; Hungatella hathewayi	0	0	0	0	0	0	0	0	0	0	0	0	0	0	0	0	0	0	0	0.00349155915574	0	0	0.00201231537006	0.00525550514164	0	0.00403290853363	0	0	0	0	0	0
Bacteria ; Firmicutes ; Clostridia ; Clostridiales ; Clostridiaceae ; Unclassified ; Unclassified	0.0488742628132	0	0	0.155927182006	0	0	0	0.00590772139186	0	0	0.0740131578947	0	0	0	0	0	0	0.0126422250316	0	0.0593565056476	0	0.0067332132577	0	0	0	0.17744797548	0.124874258559	0	0	0	0	0
Bacteria ; Firmicutes ; Clostridia ; Clostridiales ; Clostridiales Family XIII Incertae Sedis ; Anaerovorax ; Anaerovorax sp	0.0244371314066	0	0	0	0.0430766285359	0	0	0.0118154427837	0	0	0	0	0	0	0	0	0	0	0	0.00349155915574	0	0.00168330331442	0	0.0350367009442	0	0.08872398774	0.0450934822574	0.0185175387546	0.0291108708309	0	0	0
Bacteria ; Firmicutes ; Clostridia ; Clostridiales ; Clostridiales Family XIII Incertae Sedis ; Mogibacterium ; Mogibacterium sp	0.0179205630315	0	0	0.0136436284255	0	0	0	0	0	0	0.0164473684211	0	0	0	0	0	0	0	0	0	0	0	0	0	0	0	0.0104061882133	0.0396804401883	0.0166347833319	0	0	0
Bacteria ; Firmicutes ; Clostridia ; Clostridiales ; Eubacteriaceae ; Anaerofustis ; Anaerofustis sp	0.00814571046887	0	0	0	0	0	0	0	0	0	0	0	0	0	0	0	0	0.0063211125158	0	0	0	0	0	0	0	0	0.0138749176177	0.023808264113	0	0	0	0
Bacteria ; Firmicutes ; Clostridia ; Clostridiales ; Eubacteriaceae ; Eubacterium ; Eubacterium coprostanoligenes	0	0	0	0	0	0	0	0	0	0	0	0	0	0	0	0	0	0	0	0.473106265603	0	0	0	0	0	0	0	0	0	0	0	0.0124219744728
Bacteria ; Firmicutes ; Clostridia ; Clostridiales ; Eubacteriaceae ; Eubacterium ; Eubacterium eligens	0.188980482878	0.0294074400823	0.0189936802846	1.60020270534	0.0550423586847	0.0097709684984	0.00477691793255	0	0	0	0.405701754386	0.0100064040986	0.0160102465578	0	0	0.0233590282644	0.681696450309	0.857564264644	0.0573447105239	1.63579546446	1.64090180321	0	0	0	0.103728921751	0	3.36813625169	0.0529072535845	0.553106545787	0.0429074058182	0.0462855820412	0.953386540791
Bacteria ; Firmicutes ; Clostridia ; Clostridiales ; Eubacteriaceae ; Eubacterium ; Eubacterium hallii	0.00977485256264	0.0189047829101	0.0224470766999	0.0857599501033	0.00957258411908	0	0.00318461195503	0.100431263662	0.00407016972608	0.0218206343854	0.0219298245614	0.0280179314761	0.0200128081972	0	0	0.148648361683	0	0.0105351875263	0	0.0750685218484	0.0039587498268	0.0302994596596	0.0120738922204	0.0560587215108	0.101069205809	0.00806581706727	0.0450934822574	0.00529072535845	0.0457456541629	0.00715123430304	0.00165305650147	0.0248439489457
Bacteria ; Firmicutes ; Clostridia ; Clostridiales ; Eubacteriaceae ; Eubacterium ; Eubacterium ramulus	0	0	0.00172669820769	0.608116009823	0.169913368114	0.0273587117955	0.00318461195503	0	0	0	0.0191885964912	0.0380243355748	0.0280179314761	0.00162680982593	0	0.0806948249135	0	0	0	0.607531293099	0	0.0420825828606	0.030184730551	0.115621113116	0.763338475451	0.0201645426682	0	0	0.266156533311	0.0171629623273	0.0132244520118	0
Bacteria ; Firmicutes ; Clostridia ; Clostridiales ; Eubacteriaceae ; Eubacterium ; Eubacterium sp	0.00325828418755	0.0252063772134	0.027627171323	2.34865317897	1.10802661178	0.433831001329	0.175153657527	0.0443079104389	0	0	0.0794956140351	0.0400256163945	0.0160102465578	0	0.00452891713591	0.0403474124567	0	0.00210703750527	0	0.0261866936681	0.00989687456701	0.0235662464019	0.0140862075905	0.243505071562	0.0398957391351	0.0241974512018	0.0693745880884	0.0502618909052	1.33494136239	0.00572098744243	0.00165305650147	0.602465761933
Bacteria ; Firmicutes ; Clostridia ; Clostridiales ; Lachnospiraceae ; Agathobacter ; Agathobacter rectalis	2.26939493663	0.0903228516815	0.20893048313	20.2958718279	6.90661944192	0.0957554912843	0.0620999331231	11.948366515	0.120070006919	0.513776755073	2.46710526316	0.378242074928	1.34085814922	1.91475516512	2.48939478571	14.8945658406	0.0194770414374	0.086388537716	0.0275254610515	16.724568356	0.140535618852	0.129614355211	0.136837445164	0.240001401468	26.7461035161	0.483949024036	2.31017378334	8.64769059838	5.60176328703	0.675076518207	0.0148775085132	7.78857799447
Bacteria ; Firmicutes ; Clostridia ; Clostridiales ; Lachnospiraceae ; Anaerosporobacter ; Anaerosporobacter mobilis	0	0	0	0	0.191451682382	0	0.00796152988758	0	0	0	0	0	0	0	0	0	0	0	0	0	0	0	0	0	0	0	0	0	0	0	0	0
Bacteria ; Firmicutes ; Clostridia ; Clostridiales ; Lachnospiraceae ; Anaerostipes ; Anaerostipes hadrus	1.22837313871	0.0168042514756	0	1.04666120922	0.0287177523572	0.00586258109904	0.00159230597752	0.570095114314	0.0814033945216	0.0972010077166	0.564692982456	0.202129362792	0.242154979187	0.00325361965186	0.0181156685437	0.307914463486	0.0292155621561	0.0252844500632	0	3.58408547337	0.0415668731814	0.0286161563452	0.0281724151809	0.317082143545	0.595776371084	0.39925794483	0.600090186965	0.362414687054	0.0499043499958	0.0772333304728	0.00495916950441	0.00931648085463
Bacteria ; Firmicutes ; Clostridia ; Clostridiales ; Lachnospiraceae ; Anaerostipes ; Anaerostipes sp	0.0179205630315	0	0	0.0389817955015	0	0	0	0.0502156318308	0.00203508486304	0.00198369403503	0.0109649122807	0	0.00400256163945	0	0	0.0106177401202	0	0	0	0.179815296521	0	0	0	0	0.0425554550774	0.0362961768027	0.0554996704707	0.00529072535845	0.00415869583299	0.00143024686061	0	0
Bacteria ; Firmicutes ; Clostridia ; Clostridiales ; Lachnospiraceae ; Blautia ; Blautia luti	0.0798279625949	0.00420106286891	0	0.155927182006	0.0119657301489	0	0	0.0324924676552	0	0.00793477614013	0.0877192982456	0.0120076849183	0.0100064040986	0	0	0.00212354802404	0.00486926035935	0	0	0.00174577957787	0	0.00168330331442	0.00201231537006	0	0.0372360231927	0.213744152283	0.131811717368	0.0767155176975	0.162189137486	0	0	0.0807428340735
Bacteria ; Firmicutes ; Clostridia ; Clostridiales ; Lachnospiraceae ; Blautia ; Blautia obeum	2.94223062135	0.0861217888126	0.0345339641537	1.3292792266	0.236921456947	0.097709684984	0.0206999777077	0.180185502452	0.103789328015	0.144809664557	8.23464912281	0.198126801153	0.1420909382	0.00488042947779	0.0015096390453	0.0594593446731	0.082777426109	0.147492625369	0.00229378842096	0.199018871877	0.0613606223155	0.313094416483	0.233428582928	0.133139463588	0.69418586095	4.44023229553	1.83148912553	0.928522300407	0.869167429094	0.00429074058182	0	0.602465761933
Bacteria ; Firmicutes ; Clostridia ; Clostridiales ; Lachnospiraceae ; Blautia ; Blautia producta	0.0114039946564	0	0	0.0136436284255	0	0	0	0	0	0	0	0	0	0	0	0	0	0.00842815002107	0	0	0	0.0218829430875	0.0100615768503	0	0	0.00806581706727	0.00346872940442	0.0158721760753	0	0	0	0
Bacteria ; Firmicutes ; Clostridia ; Clostridiales ; Lachnospiraceae ; Blautia ; Blautia sp	6.10439542537	0.878022139601	0.64923852609	21.2060967528	1.64409132245	0.332212928946	0.0971306646285	7.98723932179	0.805893605763	2.58276963361	10.7730263158	2.30947806596	1.30483509446	0.0650723930373	0.0452891713591	0.433203796904	0.808297219652	1.21576064054	0.00917515368382	3.54916988181	0.126679994458	0.887100846702	0.682174910452	0.18219084491	10.7612107027	23.6046136474	22.1825245413	13.3299825406	12.351326624	0.143024686061	0.0446325255397	5.54020061489
Bacteria ; Firmicutes ; Clostridia ; Clostridiales ; Lachnospiraceae ; Blautia ; Ruminococcus gnavus	0	0	0	0.0662690523526	0.00239314602977	0	0	0.00295386069593	0.0590174610281	0.0872825375414	0	0.0760486711495	0.0720461095101	0	0	0	0.0243463017968	0.0105351875263	0	0.00872889788935	0.0237524989608	0.621138923023	0.346118243651	0.161168824343	0.00531943188467	0.0846910792063	0.0138749176177	0.0105814507169	0.00831739166597	0.0114419748849	0	0
Bacteria ; Firmicutes ; Clostridia ; Clostridiales ; Lachnospiraceae ; Butyrivibrio ; Butyrivibrio crossotus	0	0	0	0	0.0143588761786	0	0	0	0	0	0	0	0	0	0	0	0	0	0	0	0	0	0	0	0	0	0	0	0	0	0	0
Bacteria ; Firmicutes ; Clostridia ; Clostridiales ; Lachnospiraceae ; Coprococcus ; Coprococcus sp	0.276954155941	0.218455269183	0.146769347653	0.879039488559	2.18015603312	0.635112952396	0.0605076271456	1.29379098482	0.374455614799	0.995814405586	2.30537280702	1.54498879283	1.3388568684	0.0178949080852	0.0800108694011	0.675288271644	0.0292155621561	0.0505689001264	0.0298192494724	0.867652450202	0.0475049979217	1.5520056559	0.977985269851	0.648178967468	4.20767062078	3.63768349734	1.1793679975	0.4073858526	1.40148049572	0.0371864183758	0.00330611300294	1.13971615788
Bacteria ; Firmicutes ; Clostridia ; Clostridiales ; Lachnospiraceae ; Dorea ; Dorea sp	0.674464826822	0.205852080576	0.108781987084	3.2140490391	1.18460728474	1.91315563199	0.0748383809433	1.32923731317	0.0997191582889	0.438396381742	0.559210526316	0.844540505924	0.642411143132	0.107369448511	0.0588759227669	0.99382047525	0.370063787311	0.446691951117	0.0114689421048	1.03175573052	0.431503731122	0.180113454643	0.118726606834	0.702485853932	1.74477365817	0.108888530408	0.728433174928	0.10316914449	1.00640439158	0.168769129552	0	0.220490046893
Bacteria ; Firmicutes ; Clostridia ; Clostridiales ; Lachnospiraceae ; Fusicatenibacter ; Fusicatenibacter saccharivorans	0.0879736730638	0.243661646397	0.34361294333	1.20843566055	0.160340783995	0.175877432971	0.0318461195503	2.09428723341	2.44006675078	4.39189859356	1.12938596491	14.4912744156	7.33269292347	0.0357898161705	0.0664241179934	0.556369582298	0.136339290062	0.143278550358	0.00229378842096	6.43494352403	0.0158349993072	0.42250913192	0.444721696784	0.218979380901	6.59077610511	0.383126310695	1.67192757293	1.24067509656	1.15195874574	2.23404559627	0.247958475221	0.332287817149
Bacteria ; Firmicutes ; Clostridia ; Clostridiales ; Lachnospiraceae ; Lachnobacterium ; Lachnobacterium sp	0	0	0	0	0.00957258411908	0	0	0	0	0	0	0	0	0	0	0	0	0	0	0	0	0	0	0	0	0	0	0	0	0	0	0
Bacteria ; Firmicutes ; Clostridia ; Clostridiales ; Lachnospiraceae ; Lachnoclostridium ; Clostridium aldenense	0	0	0	0	0	0	0	0	0	0	0	0	0	0	0	0	0	0	0	0	0	0	0	0.0122628453305	0	0	0	0	0	0	0	0
Bacteria ; Firmicutes ; Clostridia ; Clostridiales ; Lachnospiraceae ; Lachnoclostridium ; Clostridium clostridioforme	0	0	0	0	0	0	0	0.00295386069593	0	0	0	0.00200128081972	0	0	0.0256638637702	0.0169883841923	0	0.0063211125158	0.0619322873658	0	0.0316699986144	0	0	0.0981027626439	0	0.00403290853363	0	0	0	0	0	0
Bacteria ; Firmicutes ; Clostridia ; Clostridiales ; Lachnospiraceae ; Lachnoclostridium ; Clostridium oroticum	0	0	0	0	0.0143588761786	0	0	0	0	0	0	0	0	0	0	0	0	0	0	0	0	0.0100998198865	0.0100615768503	0	0	0.0645265365382	0	0	0.00831739166597	0	0	0.0186329617093
Bacteria ; Firmicutes ; Clostridia ; Clostridiales ; Lachnospiraceae ; Lachnoclostridium ; Clostridium saccharolyticum	0.0195497051253	0	0	0.0194908977508	0	0	0	0	0.00610525458912	0.00396738807006	0.00274122807018	0	0.00200128081972	0	0	0.00212354802404	0.0097385207187	0.00842815002107	0	0	0	0	0.00201231537006	0	0.00797914782701	0.00806581706727	0.0173436470221	0.0290989894715	0.00415869583299	0	0	0.00310549361821
Bacteria ; Firmicutes ; Clostridia ; Clostridiales ; Lachnospiraceae ; Lachnoclostridium ; Clostridium scindens	0	0	0	0.194908977508	0	0	0	0	0	0	0	0	0	0	0	0	0	0	0	0	0	0.0067332132577	0	0	0	0	0	0	0	0	0	0
Bacteria ; Firmicutes ; Clostridia ; Clostridiales ; Lachnospiraceae ; Lachnoclostridium ; Clostridium symbiosum	0	0	0	0	0	0	0	0	0	0	0	0	0	0	0	0	0	0	0	0.00174577957787	0	0	0	0.0227738556138	0	0	0	0	0	0	0	0
Bacteria ; Firmicutes ; Clostridia ; Clostridiales ; Lachnospiraceae ; Lachnoclostridium ; Eubacterium contortum	0.00814571046887	0	0	0	0	0	0	0	0.00203508486304	0.00198369403503	0	0.0300192122959	0.0180115273775	0	0	0	0	0	0	0.00523733873361	0.0039587498268	0.00336660662885	0.00201231537006	0.024525690661	0.015958295654	0.0161316341345	0.0104061882133	0.00264536267922	0.00415869583299	0	0	0.00310549361821
Bacteria ; Firmicutes ; Clostridia ; Clostridiales ; Lachnospiraceae ; Lachnospira ; Lachnospira sp	0.0733113942198	0.0294074400823	0.0120868874538	0.0331345261763	1.47657110037	0.0136793558978	0.095538358651	0.103385124358	0.0936139036998	0.0952173136815	0.0137061403509	0.0540345821326	0.0400256163945	0.00162680982593	0.019625307589	0.205984158332	0	0	0	0.00174577957787	0	0	0	0	0.0984094898665	0	0	0.00529072535845	0.00415869583299	0	0	0.366448246949
Bacteria ; Firmicutes ; Clostridia ; Clostridiales ; Lachnospiraceae ; Roseburia ; Roseburia intestinalis	0.676093968916	0.00210053143445	0.00518009462306	1.97247885238	0.509740104341	0.00195419369968	0	0.782773084421	0	0.0138858582452	0.0438596491228	0	0.00200128081972	0	0.0015096390453	0.0488416045529	0.00486926035935	0.0105351875263	0.0229378842096	1.30758890383	0.698719344431	0.00504990994327	0.00603694611019	0.0455477112275	0.0797914782701	0.120987256009	0.738839363141	0.571398338712	0.461615237462	0	0	0.220490046893
Bacteria ; Firmicutes ; Clostridia ; Clostridiales ; Lachnospiraceae ; Roseburia ; Roseburia sp	0.417060376006	0.0126031886067	0.0259004731153	3.07371457529	2.43382951228	0.0156335495974	0.00636922391007	0.930466119218	0.120070006919	0.204320485608	0.660635964912	0.0320204931156	0.0860550752482	0.00976085895559	0.0105674733171	0.11042449725	0.0194770414374	0.086388537716	0	1.05445086503	0.0475049979217	0.0791152557779	0.0482955688816	0.131387628541	1.85382201181	3.00854976609	2.15754968955	0.153431035395	0.449139149963	0.0114419748849	0.0330611300294	0.658364647061
Bacteria ; Firmicutes ; Clostridia ; Clostridiales ; Lachnospiraceae ; Sellimonas ; Sellimonas intestinalis	0	0	0	0	0	0	0	0	0	0	0.0301535087719	0	0	0	0	0	0	0.0105351875263	0	0	0	0	0	0	0.00531943188467	0	0.107530611537	1.26712872335	0	0	0	0
Bacteria ; Firmicutes ; Clostridia ; Clostridiales ; Lachnospiraceae ; Tyzzerella ; Clostridium neopropionicum	0	0	0	0	0	0	0	0.0177231641756	0	0	0	0	0	0	0	0	0	0	0	0	0	0	0	0	0	0	0	0	0	0	0	0
Bacteria ; Firmicutes ; Clostridia ; Clostridiales ; Lachnospiraceae ; Unclassified ; Unclassified	5.68244762308	0.294074400823	0.324619263045	5.75761119557	6.14320585842	0.152427108575	0.146492149932	6.20901518284	0.360210020758	0.904564479975	8.89802631579	1.44492475184	1.39089016971	0.151293313812	0.64612551139	4.32779087299	0.248332278327	0.387694900969	0.103220478943	10.0487072502	0.973852457394	0.528557240729	0.410512335493	1.38745335739	9.76381722432	8.44491046943	14.4056332166	10.0497328184	6.59569159112	0.892474041019	0.0446325255397	5.80106207882
Bacteria ; Firmicutes ; Clostridia ; Clostridiales ; Oscillospiraceae ; Oscillibacter ; Oscillibacter sp	0.0179205630315	0	0.00172669820769	0.0448290648267	0.0215383142679	0	0	0.0384001890471	0	0.00198369403503	0	0	0	0	0	0.0106177401202	0	0	0	0.0366613711353	0.00989687456701	0.00504990994327	0.00201231537006	0.0350367009442	0.0398957391351	0.0564607194709	0.0693745880884	0.0767155176975	0.0623804374948	0	0	0.0527933915096
Bacteria ; Firmicutes ; Clostridia ; Clostridiales ; Peptococcaceae ; Peptococcus ; Peptococcus niger	0	0.00630159430336	0.00518009462306	0	0	0	0	0	0	0	0	0	0.00200128081972	0	0	0	0	0	0	0	0	0	0	0	0.0824511942125	0	0	0	0	0	0	0.0279494425639
Bacteria ; Firmicutes ; Clostridia ; Clostridiales ; Peptostreptococcaceae ; Intestinibacter ; Intestinibacter bartlettii	0	0	0.00172669820769	0.508712431295	0.299143253721	0.0136793558978	0.0238845896627	0.0118154427837	0.00203508486304	0.00198369403503	0.0137061403509	0	0.0080051232789	0.00325361965186	0	0	0	0.00210703750527	0	0.00523733873361	0	0	0	0	0.175541252194	0.00403290853363	0.0381560234486	0.142849584678	0.00831739166597	0	0	0.00931648085463
Bacteria ; Firmicutes ; Clostridia ; Clostridiales ; Peptostreptococcaceae ; Intestinibacter ; Intestinibacter sp	0	0	0	0	0	0	0	0	0.0366315275347	0.00793477614013	0	0.00200128081972	0.00600384245917	0	0	0	0	0.0126422250316	0	0	0	0	0	0	0	0	0	0	0	0	0	0
Bacteria ; Firmicutes ; Clostridia ; Clostridiales ; Ruminococcaceae ; Acetivibrio ; Acetivibrio sp	0.0798279625949	0	0	0	0	0	0	0	0	0	0	0	0	0	0	0	0	0	0	0	0	0	0	0	0	0	0	0	0	0	0	0
Bacteria ; Firmicutes ; Clostridia ; Clostridiales ; Ruminococcaceae ; Anaerotruncus ; Anaerotruncus colihominis	0.0162914209377	0	0	0	0	0	0	0.00295386069593	0	0	0	0	0	0	0	0	0	0	0	0	0	0.00504990994327	0.00804926148026	0	0	0.0201645426682	0	0	0	0	0	0
Bacteria ; Firmicutes ; Clostridia ; Clostridiales ; Ruminococcaceae ; Anaerotruncus ; Anaerotruncus sp	0	0	0	0	0	0	0	0	0	0	0.00274122807018	0	0	0	0	0	0	0	0	0	0	0	0	0	0	0.0161316341345	0	0	0	0	0	0
Bacteria ; Firmicutes ; Clostridia ; Clostridiales ; Ruminococcaceae ; Candidatus Soleaferrea ; Candidatus Soleaferrea massiliensis	0	0	0	0	0	0	0	0	0	0.0059510821051	0	0	0	0	0	0	0	0	0	0	0	0	0	0	0	0	0	0	0	0	0	0
Bacteria ; Firmicutes ; Clostridia ; Clostridiales ; Ruminococcaceae ; Faecalibacterium ; Faecalibacterium prausnitzii	1.85070541853	0.182746234797	0.226197465207	5.44185865201	8.33532762169	0.0332212928946	0.138530620044	19.448218822	0.915788188367	3.00728015711	4.12828947368	0.256163944925	0.640409862312	0.00650723930373	0.0317024199514	9.05268522648	0.292155621561	0.450906026127	0.0252316726305	13.7532515145	0.706636844085	0.245762283906	0.364229081982	1.74132403693	8.89143039523	5.04113566704	11.158902494	7.43875985398	8.4338351493	0.0114419748849	0.0132244520118	5.04332163597
Bacteria ; Firmicutes ; Clostridia ; Clostridiales ; Ruminococcaceae ; Faecalibacterium ; Faecalibacterium sp	0	0	0	0	0.10051213325	0.0840303290862	0.0270692016178	0	0	0	0	0	0	0	0	0	0	0	0	0	0	0	0	0	0	0	0	0	0	0	0	0
Bacteria ; Firmicutes ; Clostridia ; Clostridiales ; Ruminococcaceae ; Gemmiger ; Gemmiger formicilis	4.83529373432	0.0504127544269	0.00863349103844	1.29224652087	0.708371224812	0.0214961306965	0.00796152988758	0.847758019732	0.0162806789043	0.0555434329809	4.38048245614	0.100064040986	0.172110150496	0.0650723930373	0.294379613834	1.29961139071	0.0146077810781	0.00210703750527	0	2.27300501039	0.00593812474021	0.011783123201	0.0281724151809	0.0875917523606	1.64902388425	1.53653815131	0.759651739568	0.798899529125	4.46228062879	0.0157327154667	0.0181836215162	3.546473712
Bacteria ; Firmicutes ; Clostridia ; Clostridiales ; Ruminococcaceae ; Oscillospira ; Oscillospira sp	1.03939265583	0.0168042514756	0.0103601892461	0.0233890773009	0.189058536352	0.00390838739936	0.00159230597752	0.112246706445	0.0264561032195	0.0317391045605	0.487938596491	0.00200128081972	0.0100064040986	0	0.00754819522652	0.00212354802404	0.00486926035935	0.0126422250316	0.00229378842096	0.0471360486025	0	0.0151497298298	0.0201231537006	0.0315330308498	0.0851109101548	0.564607194709	0.131811717368	0.0634887043014	1.23929135823	0.00429074058182	0	0.854010745008
Bacteria ; Firmicutes ; Clostridia ; Clostridiales ; Ruminococcaceae ; Papillibacter ; Papillibacter sp	0.00488742628132	0	0	0	0	0	0	0	0	0	0	0	0	0	0	0	0	0	0	0	0	0	0	0	0	0	0	0	0	0	0	0
Bacteria ; Firmicutes ; Clostridia ; Clostridiales ; Ruminococcaceae ; Ruminiclostridium ; Clostridium cellulolyticum	0	0	0	0	0.138802469727	0	0	0	0	0	0	0	0	0	0	0	0	0	0	0	0	0	0	0	0	0	0	0	0	0	0	0
Bacteria ; Firmicutes ; Clostridia ; Clostridiales ; Ruminococcaceae ; Ruminiclostridium ; Clostridium leptum	0.00814571046887	0	0	0.0116945386505	0.00478629205954	0	0	0.00886158208779	0	0	0.00548245614035	0	0	0	0	0	0	0.00210703750527	0	0.00523733873361	0	0.00336660662885	0	0	0.00531943188467	0.0362961768027	0.0138749176177	0.0423258028676	0.112284787491	0	0	0.00931648085463
Bacteria ; Firmicutes ; Clostridia ; Clostridiales ; Ruminococcaceae ; Ruminiclostridium ; Clostridium methylpentosum	0.00488742628132	0	0	0	0	0	0	0.0295386069593	0	0	0	0	0	0	0	0.00212354802404	0	0.00421407501054	0	0.00174577957787	0	0.00841651657212	0	0.00350367009442	0.015958295654	0.04436199387	0.0138749176177	0	0.012476087499	0	0	0.00931648085463
Bacteria ; Firmicutes ; Clostridia ; Clostridiales ; Ruminococcaceae ; Ruminococcus ; Ruminococcus bromii	0.439868365319	0.107127103157	0.0690679283075	0.00194908977508	0	0	0	6.2444615112	0.0183157637673	0.0495923508758	0.00274122807018	0	0.00400256163945	0	0	0.00212354802404	0.0340848225155	0.126422250316	0.0321130378934	0.796075487509	1.81112804576	0.257545407107	0.144886706645	1.79738275844	0.0132985797117	7.10195192773	2.01880051337	6.42029522248	0.0332695666639	0.0171629623273	0.00495916950441	4.88183596783
Bacteria ; Firmicutes ; Clostridia ; Clostridiales ; Ruminococcaceae ; Ruminococcus ; Ruminococcus callidus	0.00162914209377	0	0	0	0.0550423586847	0	0	0.0324924676552	0	0	0.0548245614035	0	0	0	0	0	0	0	0	0.0209493549344	0.0039587498268	0	0	0	0.0212777275387	0	0.0728433174928	0	0.0166347833319	0	0	0.0527933915096
Bacteria ; Firmicutes ; Clostridia ; Clostridiales ; Ruminococcaceae ; Ruminococcus ; Ruminococcus lactaris	0	0	0	0.00194908977508	0.0167520222084	0.0195419369968	0.00318461195503	0.469663850653	0.0468069518499	0.109103171927	0	0.0320204931156	0.0140089657381	0.00488042947779	0.0015096390453	0.0361003164087	0	0	0	0.115221452139	0	0	0	0	0.146284376829	0.00403290853363	0	0	0	0.0672216024486	0	0.00621098723642
Bacteria ; Firmicutes ; Clostridia ; Clostridiales ; Ruminococcaceae ; Ruminococcus ; Ruminococcus sp	1.72526147731	0.254164303569	0.210657181338	1.10123572292	1.31623031637	0.130930977879	0.259545874335	1.94068647723	0.0468069518499	0.378885560691	1.07730263158	0.900576368876	1.12271853987	0.0650723930373	0.0513277275403	1.76466840798	0.116862248624	0.282343025706	0.00917515368382	2.69373788865	2.08428178381	0.432608951807	0.146899022015	1.20876618258	3.74753976275	3.20212937571	2.05001907801	0.822707793238	3.26041753306	0.550645041334	0.00991833900883	0.993757957827
Bacteria ; Firmicutes ; Clostridia ; Clostridiales ; Ruminococcaceae ; Subdoligranulum ; Subdoligranulum sp	8.61816167606	0.0441111601235	0.0466208516076	0.0487272443769	0.21059685062	0.0156335495974	0.00796152988758	4.64937673539	0.496560706581	1.48578683224	25.7236842105	0.442283061159	0.402257444765	0.144786074508	0.538941139174	2.29767896201	0.22885523689	0.337126000843	0.0481695568401	4.4569752623	0.84915183785	0.282794956823	0.265625628849	0.511535833786	5.22900154264	12.0100016132	12.4874258559	15.2849055606	3.31032188306	0.0386166652364	0.00661222600588	2.16763454551
Bacteria ; Firmicutes ; Clostridia ; Clostridiales ; Ruminococcaceae ; Unclassified ; Unclassified	0.0619073995634	0	0	0.0155927182006	0.0191451682382	0	0	0	0	0	0.0109649122807	0	0	0	0	0	0.0097385207187	0.0105351875263	0	0	0	0.00336660662885	0	0	0.00531943188467	0.00806581706727	0.0624371292795	0.023808264113	0	0	0	0.00931648085463
Bacteria ; Firmicutes ; Clostridia ; Clostridiales ; Unclassified ; Flavonifractor ; Flavonifractor plautii	0.00651656837509	0	0	0.0116945386505	0.00239314602977	0	0	0.0147693034796	0.00610525458912	0	0.00548245614035	0	0	0	0	0	0	0	0	0	0.0039587498268	0.00336660662885	0.00201231537006	0	0.00797914782701	0	0.0277498352354	0.0185175387546	0.00831739166597	0	0	0.00310549361821
Bacteria ; Firmicutes ; Clostridia ; Clostridiales ; Unclassified ; Howardella ; Howardella ureilytica	0	0	0	0	0.0167520222084	0.00390838739936	0	0	0	0	0	0	0	0.00325361965186	0	0	0	0	0	0	0	0	0	0	0.015958295654	0	0	0.185175387546	0.128919570823	0	0	0.145958200056
Bacteria ; Firmicutes ; Clostridia ; Clostridiales ; Unclassified ; Intestinimonas ; Intestinimonas butyriciproducens	0	0	0	0.00194908977508	0	0	0	0.00590772139186	0	0	0	0	0	0	0	0	0.00486926035935	0.00210703750527	0	0	0	0	0.00201231537006	0	0	0.00403290853363	0	0	0	0	0	0
Bacteria ; Firmicutes ; Clostridia ; Clostridiales ; Unclassified ; Intestinimonas ; Intestinimonas sp	0.0130331367502	0	0	0.0116945386505	0.00239314602977	0	0	0.0354463283512	0	0	0	0	0	0	0	0	0	0	0	0.00174577957787	0	0.00168330331442	0	0	0	0	0	0.0132268133961	0.012476087499	0	0	0.0155274680911
Bacteria ; Firmicutes ; Clostridia ; Clostridiales ; Unclassified ; Unclassified ; Unclassified	19.8869375387	0.0546138172958	0.0587077390614	0.132538104705	2.8215191691	0.0508090361917	0.0716537689882	2.74118272582	0.052912206439	0.178532463153	12.5603070175	0.022014089017	0.0480307396734	0	0.015096390453	0.146524813659	0.0584311243122	0.094816687737	0.00688136526287	0.712278067771	0.0851131212763	0.282794956823	0.330019720691	0.415184906189	1.85648172775	3.64574931441	1.07530611537	0.383577588487	3.14813274557	0	0.00330611300294	6.23272569175
Bacteria ; Firmicutes ; Clostridia ; Unclassified ; Unclassified ; Unclassified ; Unclassified	7.84757746571	0.0315079715168	0.0310805677384	0.196858067283	0.471449767865	0.00390838739936	0.00636922391007	0.74732675607	0.0468069518499	0.0694292912261	1.40350877193	0.0120076849183	0.0340217739353	0.0146412884334	0.0120771123624	0.0254825762885	0.0389540828748	0.0273914875685	0.00229378842096	0.385817286709	0.0257318738742	0.0521824027472	0.0503078842516	0.313578473451	0.215436991329	3.48846588159	0.766589198377	0.708957198032	0.752723945771	0	0	3.27008477998
Bacteria ; Firmicutes ; Erysipelotrichia ; Erysipelotrichales ; Erysipelotrichaceae ; Catenibacterium ; Catenibacterium mitsuokai	0	0.182746234797	0.279725109645	0	0.650935720098	1.61025560854	0.96175281042	0	0	0	0	0	0	0	0	0	0	0	0	0	0	0	0	0	0	0	0	0	0	0	0	1.42852706438
Bacteria ; Firmicutes ; Erysipelotrichia ; Erysipelotrichales ; Erysipelotrichaceae ; Coprobacillus ; Coprobacillus sp	0.658173405884	0.0105026571723	0	0.00194908977508	0	0	0	0.401725054646	1.37571736741	2.26537858801	0.271381578947	3.77041306436	2.40153698367	0.0325361965186	0.0392506151779	1.13397464484	3.10658810927	2.97092288243	0	2.68326321119	1.73789117397	2.63436968707	1.02225620799	2.62424890072	0.0930900579818	1.23003710276	0.489090846023	0.499973546373	0.349330449971	0.998312308704	0.274407379244	0.0248439489457
Bacteria ; Firmicutes ; Erysipelotrichia ; Erysipelotrichales ; Erysipelotrichaceae ; Erysipelatoclostridium ; Clostridium innocuum	0	0	0	0	0	0	0	0	0	0	0	0	0	0	0	0	0.107123727906	0.0906026127265	0	0	0.019793749134	0.00841651657212	0	0.00175183504721	0	0.00806581706727	0.00693745880884	0.0158721760753	0.00831739166597	0.040046912097	0	0
Bacteria ; Firmicutes ; Erysipelotrichia ; Erysipelotrichales ; Erysipelotrichaceae ; Erysipelatoclostridium ; Clostridium spiroforme	0	0	0	0	0	0	0	0	0	0.00396738807006	0	0.0080051232789	0.0080051232789	0	0	0.0382238644327	0	0	0	0.00174577957787	0	0.0488157961183	0.0140862075905	0.33284865897	0.023937443481	0.0362961768027	0	0	0.0166347833319	0	0	0
Bacteria ; Firmicutes ; Erysipelotrichia ; Erysipelotrichales ; Erysipelotrichaceae ; Erysipelatoclostridium ; Erysipelatoclostridium ramosum	0	0	0	0.0740654114529	0	0	0	0	0	0	0	0	0	0	0	0	0.559964941325	0.166455962916	0	0.00349155915574	0.0613606223155	0	0.00201231537006	0	0	0	0	0.00529072535845	0	0.00143024686061	0	0
Bacteria ; Firmicutes ; Erysipelotrichia ; Erysipelotrichales ; Erysipelotrichaceae ; Faecalitalea ; Faecalitalea cylindroides	0	0	0	0	0	0	0	0	0	0	0	0.0100064040986	0.0120076849183	0	0	0.0106177401202	0	0	0	0	0	0	0	0	0.0505346029044	0	0	0	0	0	0	0
Bacteria ; Firmicutes ; Erysipelotrichia ; Erysipelotrichales ; Erysipelotrichaceae ; Holdemania ; Holdemania filiformis	0	0	0	0.0077963591003	0	0	0	0	0	0	0	0	0	0	0	0	0	0	0	0	0	0	0	0	0	0.0161316341345	0	0	0.00831739166597	0	0	0
Bacteria ; Firmicutes ; Erysipelotrichia ; Erysipelotrichales ; Erysipelotrichaceae ; Solobacterium ; Solobacterium moorei	0	0	0	0.0077963591003	0	0	0	0	0	0	0	0	0	0	0	0	0	0	0	0.00349155915574	0	0	0	0	0	0	0	0	0	0	0	0
Bacteria ; Firmicutes ; Erysipelotrichia ; Erysipelotrichales ; Erysipelotrichaceae ; Turicibacter ; Turicibacter sp	0.0830862467824	0	0	0.00584726932523	0.0358971904466	0	0	0	0	0	0.0109649122807	0	0	0	0	0	0	0	0	0	0	0	0	0	0.015958295654	0	0.0173436470221	0.0449711655468	0	0	0	0.0186329617093
Bacteria ; Firmicutes ; Erysipelotrichia ; Erysipelotrichales ; Erysipelotrichaceae ; Unclassified ; Unclassified	0	0	0.00345339641537	0.0136436284255	0.00239314602977	0.0097709684984	0.0095538358651	0	0	0	0	0	0	0	0	0	0	0	0	0	0	0.0151497298298	0	0.0350367009442	0	0.0403290853363	0	0	0.00415869583299	0	0	0.00310549361821
Bacteria ; Firmicutes ; Erysipelotrichia ; Erysipelotrichales ; Unclassified ; Unclassified ; Unclassified	0	0	0	0	0.20820370459	0.693738763386	0.0843922168084	0	0	0	0	0	0	0	0	0	0	0	0	0	0	0	0	0	0	0	0	0	0	0	0	0.059004378746
Bacteria ; Firmicutes ; Negativicutes ; Selenomonadales ; Acidaminococcaceae ; Acidaminococcus ; Acidaminococcus intestini	0.00325828418755	0.0567143487302	0.0846082121767	0	0.502560666252	0.0117251621981	0.216553612942	0	0	0	0	2.69772654499	1.38488632725	11.4478607451	35.9369574735	9.51986579176	0	0	0	0.0733227422706	0	0	0	0.00175183504721	0.031916591308	0	0	0	0.420028279132	1.03263823336	0.0330611300294	0.322971336294
Bacteria ; Firmicutes ; Negativicutes ; Selenomonadales ; Acidaminococcaceae ; Phascolarctobacterium ; Phascolarctobacterium faecium	0	0	0.00345339641537	0	0	0	0	1.44739174101	0.9910863283	1.27353157049	0.00274122807018	2.23943323727	2.5876560999	17.8965348951	9.04122824233	1.9876409505	2.67322393728	2.33881163085	4.93164510506	0	0.728409968132	2.63436968707	3.26397553025	2.24760436557	0.893664556625	1.92773027908	0.246279787714	0.611078778901	0.00831739166597	0	0	0
Bacteria ; Firmicutes ; Negativicutes ; Selenomonadales ; Acidaminococcaceae ; Phascolarctobacterium ; Phascolarctobacterium succinatutens	0.203642761722	0.333984498078	0.227924163415	0	0	0	0	0	0.00814033945216	0	0.00822368421053	0	0	0	0	0	0	0	0.00688136526287	0	0	0	0	0	0	0	0	0	0	0	0	21.0304027825
Bacteria ; Firmicutes ; Negativicutes ; Selenomonadales ; Veillonellaceae ; Allisonella ; Allisonella histaminiformans	0	0	0.00345339641537	0	0.0335040444168	0	0	0	0	0	0	0	0	0	0	0	0	0	0	0	0	0	0	0	0	0	0	0	0	0	0	0.00621098723642
Bacteria ; Firmicutes ; Negativicutes ; Selenomonadales ; Veillonellaceae ; Anaerovibrio ; Anaerovibrio sp	0	0	0	0	0.256066625185	0.0429922613929	0.052546097258	0	0	0	0	0	0	0	0	0	0	0	0	0	0	0	0	0	0	0	0	0	0	0	0	0
Bacteria ; Firmicutes ; Negativicutes ; Selenomonadales ; Veillonellaceae ; Dialister ; Dialister sp	0	0	0	1.92570069777	0	0	0.00159230597752	0.0118154427837	0.00407016972608	0.00396738807006	0.361842105263	0	0	0.0829673011225	0	0.00637064407212	0.0925159468277	0.0442477876106	0.00229378842096	1.01604371432	0.0158349993072	0.00168330331442	0.00201231537006	0	0.0664928985584	0.0241974512018	0.0138749176177	0.317443521507	3.84263494968	0.492004920049	0.0132244520118	0
Bacteria ; Firmicutes ; Negativicutes ; Selenomonadales ; Veillonellaceae ; Megamonas ; Megamonas funiformis	0	0	0	0	0	0	0	0	0.00610525458912	0	0	0	0	0.00488042947779	0	0	10.5322101573	5.29919932575	51.0069731168	0	23.1072227391	0	0	0.00350367009442	0	0	0.308716916993	0.261890905243	0	0	0	0.00310549361821
Bacteria ; Firmicutes ; Negativicutes ; Selenomonadales ; Veillonellaceae ; Megasphaera ; Megasphaera elsdenii	0	0	0	0	1.53161345905	9.37035878996	1.21652176682	0	0	0	0	0	0	0	0	0	0	0	0	0	0	0	0	0	0	0	0	0	0	0	0	0
Bacteria ; Firmicutes ; Negativicutes ; Selenomonadales ; Veillonellaceae ; Megasphaera ; Megasphaera sp	0	0	0	0	0.126836739578	0.00586258109904	0.00318461195503	0	0	0	0	0	0	0	0	0	0	0	0	0	0	0	0	0	0	0	0	0	0	0	0	0
Bacteria ; Firmicutes ; Negativicutes ; Selenomonadales ; Veillonellaceae ; Mitsuokella ; Mitsuokella jalaludinii	0	0	0	0	0.083760111042	0.211052919565	0.571637845928	0	0	0	0	0	0	0	0	0	0	0	0	0	0	0	0	0	0	0	0	0	0	0	0	0
Bacteria ; Firmicutes ; Negativicutes ; Selenomonadales ; Veillonellaceae ; Mitsuokella ; Mitsuokella multacida	0	0	0	0	0.0119657301489	0.0117251621981	0.0891691347409	0	0	0	0	0	0	0	0	0	0	0	0	0	0	0	0	0	0	0	0	0	0	0	0	0
Bacteria ; Firmicutes ; Negativicutes ; Selenomonadales ; Veillonellaceae ; Veillonella ; Veillonella sp	0	0	0	0.113047206954	0.0239314602977	0	0	0.00590772139186	0.00407016972608	0.00198369403503	0	0.00200128081972	0	0.00325361965186	0.0135867514077	0	0	0.00421407501054	0	0.0209493549344	0	0.00168330331442	0	0	0.0132985797117	0	0.00693745880884	0.00264536267922	0.0207934791649	0.0500586401213	0	0
Bacteria ; Firmicutes ; Tissierellia ; Tissierellales ; Peptoniphilaceae ; Parvimonas ; Parvimonas micra	0	0	0	0	0	0	0	0	0	0	0	0	0	0	0	0	0	0	0	0.013966236623	0	0	0	0	0	0	0	0	0	0	0	0.0155274680911
Bacteria ; Firmicutes ; Unclassified ; Unclassified ; Unclassified ; Unclassified ; Unclassified	0.571828874914	0.0273069086479	0.0259004731153	0.0721163216778	0.545637294788	0.0625341983897	0.00477691793255	0.34855556212	0.00610525458912	0.0119021642102	0.951206140351	0.0080051232789	0.00600384245917	0.00976085895559	0.0181156685437	0.0658299887452	0.0438233432342	0.0906026127265	0.0275254610515	0.141408145808	0.0534431226619	0.0100998198865	0.00603694611019	0	0.909622852279	0.0967898048072	2.48707898297	0.10316914449	0.170506529152	0	0	1.14592714512
Bacteria ; Fusobacteria ; Fusobacteriia ; Fusobacteriales ; Fusobacteriaceae ; Fusobacterium ; Fusobacterium sp	0	0	0	0.0175418079757	0	0	0	0	0	0	0	0	0	0	0	0	0	0	0	0.00349155915574	0	0	0	0	0	0.00403290853363	0	0.00264536267922	0	0	0	0
Bacteria ; Lentisphaerae ; Lentisphaeria ; Victivallales ; Unclassified ; Unclassified ; Unclassified	0	0.0210053143445	0.0310805677384	0	0	0	0	0	0	0	0	0	0	0	0	0	0	0	0	0	0.00593812474021	0.0067332132577	0.00804926148026	0.0875917523606	0	0	0	0	0	0	0	0.254650476693
Bacteria ; Lentisphaerae ; Lentisphaeria ; Victivallales ; Victivallaceae ; Victivallis ; Victivallis vadensis	0	0	0	0	0	0	0	0	0	0	0	0	0	0	0	0	0	0.00842815002107	0	0	0.00593812474021	0	0	0	0	0	0	0	0	0	0	0.0186329617093
Bacteria ; Proteobacteria ; Alphaproteobacteria ; Kopriimonadales ; Kopriimonadaceae ; Kopriimonas ; Kopriimonas sp	0.00651656837509	0	0	0	0	0	0	0.0354463283512	0.00610525458912	0.0198369403503	0	0	0	0	0	0	0	0	0	0	0	0	0	0	0	0	0	0	0	0	0	0
Bacteria ; Proteobacteria ; Alphaproteobacteria ; Rhizobiales ; Hyphomicrobiaceae ; Rhizomicrobium ; Rhizomicrobium electricum	0	0	0	0	0	0	0	0	0	0	0	0	0	0	0	0	0	0	0	0	0	0	0	0.0981027626439	0	0	0	0	0	0	0	0
Bacteria ; Proteobacteria ; Betaproteobacteria ; Burkholderiales ; Comamonadaceae ; Pelomonas ; Pelomonas sp	0	0	0	0	0	0	0	0	0	0	0	0	0	0	0	0	0	0	0	0	0	0	0	0.0122628453305	0	0	0	0	0	0	0	0
Bacteria ; Proteobacteria ; Betaproteobacteria ; Burkholderiales ; Oxalobacteraceae ; Oxalobacter ; Oxalobacter sp	0	0	0	0	0	0	0	0	0	0	0	0	0	0	0	0	0	0	0	0	0	0	0	0	0	0	0	0	0	0	0	0.105586783019
Bacteria ; Proteobacteria ; Betaproteobacteria ; Burkholderiales ; Sutterellaceae ; Parasutterella ; Parasutterella excrementihominis	0.00162914209377	0.00420106286891	0.00690679283075	0.101352668304	0	0	0	0.00590772139186	0	0.0059510821051	0.00822368421053	0	0	0	0.00905783427183	0	0	0.0063211125158	0	0.104746774672	0.0138556243938	0.195263184473	0.0482955688816	1.96380708792	0	0	0	0.126977408603	0	0.0143024686061	0.00330611300294	0.695630570479
Bacteria ; Proteobacteria ; Betaproteobacteria ; Burkholderiales ; Sutterellaceae ; Parasutterella ; Parasutterella secunda	0	0	0	0	0	0	0	0	0	0	0	0.00400256163945	0.0200128081972	0	0.0392506151779	0.246331570788	0	0	0	0	0	0	0	0	0	0	0	0	0	0	0	0
Bacteria ; Proteobacteria ; Betaproteobacteria ; Burkholderiales ; Sutterellaceae ; Sutterella ; Sutterella parvirubra	0	0	0	0	0	0	0	0	0	0	0	0	0	0.00488042947779	0.176627768301	0.19961351426	0	0	0	0	0	0	0	0	0	0	0	0	0	0	0	0
Bacteria ; Proteobacteria ; Betaproteobacteria ; Burkholderiales ; Sutterellaceae ; Sutterella ; Sutterella sp	0	0.0168042514756	0.0155402838692	0	0.0143588761786	0	0	0.0915696815738	0.0101754243152	0.0476086568408	0	0	0	0	0	0	0	0	0	0	0	0	0	0	0	0	0	0	0	0	0	0.785689885407
Bacteria ; Proteobacteria ; Betaproteobacteria ; Burkholderiales ; Sutterellaceae ; Sutterella ; Sutterella stercoricanis	0	0	0	0	0.0813669650122	0	0.0143307537976	0	0	0	0	0	0	0	0	0	0.0243463017968	0.412979351032	0.401412973667	0	3.47776172285	0	0	0	0	0	0.00693745880884	0	0	0	0	0
Bacteria ; Proteobacteria ; Betaproteobacteria ; Burkholderiales ; Sutterellaceae ; Sutterella ; Sutterella wadsworthensis	0	0	0	0	0.00717943808931	0	0	0.342647840728	0.00610525458912	0.261847612624	0	0	0	0	0	0	0	0.0210703750527	0.0229378842096	0	0.140535618852	0	0	0	0	0	0	0	0.00415869583299	0	0	0
Bacteria ; Proteobacteria ; Betaproteobacteria ; Unclassified ; Unclassified ; Unclassified ; Unclassified	0	0	0	0	0	0	0	0	0	0	0	0	0	0	0	0	0	0	0	0	0	0.0168330331442	0.00201231537006	0.416936741236	0	0.00806581706727	0	0	0	0.0128722217455	0	0
Bacteria ; Proteobacteria ; Deltaproteobacteria ; Desulfovibrionales ; Desulfovibrionaceae ; Bilophila ; Bilophila sp	0.0423576944381	0	0.00345339641537	0.0916072194285	0	0	0	0.106338985053	0.0630876307542	0.063478209121	0.00822368421053	0.00400256163945	0.0080051232789	0.0276557670408	0.00452891713591	0.00637064407212	0.0584311243122	0.054782975137	0.0229378842096	0.0192035753566	0.0039587498268	0.0723820425202	0.0905541916529	0.0262775257082	0.00531943188467	0.0161316341345	0.0173436470221	0.0185175387546	0.0499043499958	0.00286049372122	0.00330611300294	0.0217384553275
Bacteria ; Proteobacteria ; Deltaproteobacteria ; Desulfovibrionales ; Desulfovibrionaceae ; Desulfovibrio ; Desulfovibrio sp	0	0.0189047829101	0.0224470766999	0	0.10529842531	0	0	0	0	0	0	0.0520333013128	0.0720461095101	0.46364080039	0.137377153123	0.112548045274	0	0	0	0	0	0.0067332132577	0.00402463074013	0	0.0585137507314	0.00806581706727	0	0	0	0	0	0.475140523586
Bacteria ; Proteobacteria ; Deltaproteobacteria ; Desulfovibrionales ; Unclassified ; Unclassified ; Unclassified	0.00325828418755	0	0	0	0	0	0	0.0324924676552	0	0.0059510821051	0	0	0	0	0	0	0	0	0	0	0	0.00841651657212	0.0120738922204	0	0	0.0241974512018	0	0	0	0	0	0.00621098723642
Bacteria ; Proteobacteria ; Epsilonproteobacteria ; Campylobacterales ; Campylobacteraceae ; Campylobacter ; Campylobacter sp	0	0	0	0	0.52649212655	0.0117251621981	0.0206999777077	0	0	0	0	0	0	0	0	0	0	0	0	0	0	0	0	0	0	0	0	0	0	0	0	0.0714263532188
Bacteria ; Proteobacteria ; Gammaproteobacteria ; Aeromonadales ; Succinivibrionaceae ; Succinatimonas ; Succinatimonas hippei	0	0	0	0	0	0	0	0	0	0	0	0	0	0	0	0	0	0	0	0	0	0	0	0	0	0	0	0	0	0	0	0.0962703021645
Bacteria ; Proteobacteria ; Gammaproteobacteria ; Enterobacteriales ; Enterobacteriaceae ; Citrobacter ; Citrobacter sp	0	0	0.00172669820769	0	0.00239314602977	0	0	0	0	0	0	0	0	0	0.00301927809061	0	0.136339290062	0.103244837758	0.0412881915772	0	0.0455256230083	0	0	0	0	0	0	0	0	0	0	0
Bacteria ; Proteobacteria ; Gammaproteobacteria ; Enterobacteriales ; Enterobacteriaceae ; Enterobacter ; Enterobacter sp	0	0.0189047829101	0.0207203784922	0.00389817955015	0.0717943808931	0	0.00159230597752	0.00295386069593	0.00407016972608	0	0	0	0.00200128081972	0.0780868716447	0.0452891713591	0.00424709604808	11.9491649218	9.7597977244	27.1745114231	0.00698311831148	17.2522317452	0	0	0	0.00265971594234	0	0.0208123764265	0.0290989894715	0	0	0.00165305650147	0.0217384553275
Bacteria ; Proteobacteria ; Gammaproteobacteria ; Enterobacteriales ; Enterobacteriaceae ; Escherichia ; Escherichia coli	0.104265094001	25.0908479845	27.0055599682	0.0448290648267	0.974010434117	2.446650512	5.23709436005	0.0147693034796	0.295087305141	0.220190037889	0.0191885964912	0.14609349984	0.202129362792	53.8978363429	8.97178484624	0.755983096558	4.8400447972	6.21997471555	3.49802734196	0.00174577957787	4.99000415669	3.60395239618	3.83346077997	7.76062925915	0.00265971594234	0	0	0.00529072535845	0.0332695666639	0.0100117280243	0.0132244520118	2.46265643924
Bacteria ; Proteobacteria ; Gammaproteobacteria ; Enterobacteriales ; Enterobacteriaceae ; Escherichia ; Escherichia sp	0.00814571046887	0.373894595333	0.568083710329	0.00194908977508	0.0717943808931	0.170014851872	0.143307537976	0	0.0183157637673	0.0138858582452	0	0.0180115273775	0.0240153698367	0.46364080039	0.310985643333	0.0488416045529	0.175293372937	0.19595448799	0.0642260757868	0	0.0811543714495	0.148130691669	0.259588682738	0.0543068864636	0	0	0	0	0.00415869583299	0.00143024686061	0	0.105586783019
Bacteria ; Proteobacteria ; Gammaproteobacteria ; Enterobacteriales ; Enterobacteriaceae ; Hafnia ; Hafnia alvei	0	0	0	0	0	0	0	0	0	0	0	0	0	0.00488042947779	0	0	0	0	0	0	0	0	0	0	0	0	0	0	0	0	0	0
Bacteria ; Proteobacteria ; Gammaproteobacteria ; Enterobacteriales ; Enterobacteriaceae ; Raoultella ; Raoultella ornithinolytica	0	0	0	0	0	0	0	0	0	0	0	0	0	0.00488042947779	0.00301927809061	0	0.0438233432342	0.0842815002107	0.160565189467	0	0.0653193721423	0	0	0.00175183504721	0	0	0	0.00264536267922	0	0	0	0
Bacteria ; Proteobacteria ; Gammaproteobacteria ; Enterobacteriales ; Enterobacteriaceae ; Raoultella ; Raoultella sp	0	0.0483122229924	0.0431674551922	0	0	0.0293129054952	0.0175153657527	0	0	0	0	0	0	0.0520579144298	0	0	0.0146077810781	0.0126422250316	0.00688136526287	0	0.0118762494804	0.00841651657212	0	0.00175183504721	0	0	0	0	0	0	0	0
Bacteria ; Proteobacteria ; Gammaproteobacteria ; Enterobacteriales ; Enterobacteriaceae ; Salmonella ; Salmonella enterica	0	0.102926040288	0.0759747211382	0	0	0.0117251621981	0.00159230597752	0	0.0101754243152	0.00198369403503	0	0.00200128081972	0.00200128081972	0.0178949080852	0.00301927809061	0.00637064407212	0.0389540828748	0.0779603876949	0.0321130378934	0	0.0415668731814	0.0218829430875	0.0181108383306	0.00175183504721	0	0	0	0	0.00415869583299	0	0	0.00931648085463
Bacteria ; Proteobacteria ; Gammaproteobacteria ; Pasteurellales ; Pasteurellaceae ; Haemophilus ; Haemophilus sp	0	0	0	0.00389817955015	0.0239314602977	0	0	0	0	0	0	0	0	0	0	0	0	0.00842815002107	0	0.0349155915574	0	0	0	0	0	0	0	0	0	0	0	0
Bacteria ; Proteobacteria ; Gammaproteobacteria ; Unclassified ; Unclassified ; Unclassified ; Unclassified	0	0	0	0	0.00717943808931	0	0	0	0	0	0	0	0	0	0.0015096390453	0	0.258070799046	0.166455962916	0.761537755757	0	0.257318738742	0	0	0	0	0	0.00346872940442	0	0	0	0	0
Bacteria ; Spirochaetes ; Spirochaetia ; Spirochaetales ; Spirochaetaceae ; Spirochaeta ; Spirochaeta sp	0	0	0	0	0.00957258411908	0	0	0	0	0	0	0	0	0	0	0	0	0	0	0	0	0	0	0.0105110102833	0	0	0	0	0	0	0	0
Bacteria ; Spirochaetes ; Spirochaetia ; Unclassified ; Unclassified ; Unclassified ; Unclassified	2.18305040566	0	0	0	0	0	0	0.112246706445	0.00407016972608	0.00991847017516	0.0794956140351	0	0	0	0	0	0	0.0063211125158	0.00917515368382	0	0	0	0	0	0	0	0.0763120468972	0	0.012476087499	0	0	0
Bacteria ; Synergistetes ; Synergistia ; Synergistales ; Synergistaceae ; Pyramidobacter ; Pyramidobacter piscolens	0	0	0	0	0	0	0	0	0	0	0	0	0	0	0	0	0	0	0	0.00349155915574	0	0	0	0	0	0	0	0	0	0	0	0
Bacteria ; Unclassified ; Unclassified ; Unclassified ; Unclassified ; Unclassified ; Unclassified	0.812941904793	0.0147037200412	0.0224470766999	0.39956340389	0.42119370124	0.00781677479872	0.0206999777077	1.53009984049	0.0325613578086	0.142825970522	1.09923245614	0.138088376561	0.178113992955	0.0374166259964	0.108694011262	0.358879616063	0.082777426109	0.147492625369	0.00458757684191	0.356139033886	0.0969893707567	0.136347568468	0.136837445164	0.210220205665	0.686206713123	3.536860784	1.18977418572	0.259245542564	0.440821758297	0.0500586401213	0	0.683208596006
Bacteria ; Verrucomicrobia ; Verrucomicrobiae ; Verrucomicrobiales ; Akkermansiaceae ; Akkermansia ; Akkermansia muciniphila	2.36714346225	0	0	0.00389817955015	0	0	0	0.345601701424	0.054947291302	0.0376901866656	0.501644736842	0	0	0	0	0	0	0	0	0.00349155915574	0	0	0	0	0.023937443481	0	0	0	0.0998086999917	0	0	0.0683208596006
No Hit ; No Hit ; No Hit ; No Hit ; No Hit ; No Hit ; No Hit	0.00488742628132	0.00840212573781	0.0207203784922	0	0	0	0.00477691793255	0	0	0	0.0109649122807	0	0	0	0.00754819522652	0.0254825762885	0	0	0	0.00523733873361	0	0.0168330331442	0.0221354690707	0.217227545854	0	0.0241974512018	0.0104061882133	0.00529072535845	0	0	0	0.621098723642